7.827373238614916406e-01 -6.219317993525368404e-01 2.287179022870379150e-02 1.576449999999999907e+00 6.219581460784145976e-01 7.830208830546617760e-01 6.808907915292721283e-03 1.756610000000000005e+00 -2.214376573330436096e-02 8.895709888103455268e-03 9.997152194423845062e-01 7.167930000000000135e-01
7.670632204454254088e-01 -6.409891967518315248e-01 2.732883984610994660e-02 1.572742290942722665e+00 6.411455127907286222e-01 7.674101693880410746e-01 3.750113082534324224e-03 1.759382979309384032e+00 -2.337621158798394716e-02 1.464518921898660085e-02 9.996194631781301077e-01 7.235011798944881445e-01
7.656614424043710621e-01 -6.426505243685861624e-01 2.761990485211015742e-02 1.573147799266833680e+00 6.428367481347252443e-01 7.659985180866035748e-01 2.680585141143694908e-03 1.754307751883296129e+00 -2.287948563297969792e-02 1.570266913326529359e-02 9.996149035099765046e-01 7.221879036659327733e-01
7.571834001259076796e-01 -6.526183857644146658e-01 2.761414738897953122e-02 1.571674245038284567e+00 6.527147970679485489e-01 7.575748929394259257e-01 6.608727287701164112e-03 1.760586342132039350e+00 -2.523276168627596253e-02 1.302014401099592898e-02 9.995968105129255932e-01 7.329237262755011750e-01
7.585972149415003418e-01 -6.509874084065764288e-01 2.730676800886425865e-02 1.571144280578617103e+00 6.509670522476992405e-01 7.590284854070334930e-01 1.084689949447743482e-02 1.749726697615537008e+00 -2.778780975428522815e-02 9.547378529881469025e-03 9.995682493918378597e-01 7.262721545316079830e-01
7.513812857293279412e-01 -6.592620509108959581e-01 2.827917404209741650e-02 1.570273446558090091e+00 6.588965026404358660e-01 7.519104187887746260e-01 2.204815015115975038e-02 1.759258795826036170e+00 -3.579891428443809226e-02 2.066481465366951358e-03 9.993568768915360723e-01 7.322785185826633514e-01
7.505770467944353763e-01 -6.601173439884396865e-01 2.965112124345438763e-02 1.572340324649537102e+00 6.597333249314855097e-01 7.511581472714019547e-01 2.265784108508650530e-02 1.753984706004670491e+00 -3.722951517535123128e-02 2.555377357509517819e-03 9.993034740489817880e-01 7.179910673571298085e-01
7.440946296737123156e-01 -6.673499664605678783e-01 3.109990925746397572e-02 1.577499156677254488e+00 6.668707450592454844e-01 7.447419115246515231e-01 2.535536634972881606e-02 1.760507078926053515e+00 -4.008230875173258295e-02 1.872827723557999625e-03 9.991946262072480822e-01 7.206131095696629574e-01
7.422445745830521524e-01 -6.694601881113010355e-01 2.993406146864579023e-02 1.571731128689777712e+00 6.690173375476898832e-01 7.428455052882817489e-01 2.442042861192152484e-02 1.756091782526425504e+00 -3.858488774930075166e-02 1.900475459551834731e-03 9.992535186980295858e-01 7.196322458284469814e-01
7.447511595660533112e-01 -6.666172113690282952e-01 3.109990082947510295e-02 1.580247203293123182e+00 6.661508776601232640e-01 7.453973060539916817e-01 2.501728042952915468e-02 1.752687079829515548e+00 -3.985873201280505651e-02 2.085577623617881210e-03 9.992031484379427786e-01 7.221794397002909704e-01
7.369408261867635979e-01 -6.751573748111738826e-01 3.287457889097387259e-02 1.575426418023715858e+00 6.748426150313392435e-01 7.376468156262733222e-01 2.155505356223768459e-02 1.761885144545214610e+00 -3.880288181097436839e-02 6.300367806184821451e-03 9.992270221169254896e-01 7.235841245714034198e-01
7.365437104473165908e-01 -6.754283926764785839e-01 3.605341824256948907e-02 1.582518213562368770e+00 6.753119869303647604e-01 7.373325939494888015e-01 1.715710371444062812e-02 1.753038780378223249e+00 -3.817175537836584032e-02 1.171034867865896473e-02 9.992025744688337596e-01 7.229083905059862092e-01
7.355599433732457060e-01 -6.764484641468343495e-01 3.700060888880996740e-02 1.584324821370898251e+00 6.764961114404274278e-01 7.363293435829284528e-01 1.311903139334097933e-02 1.754155148959625876e+00 -3.611898269238357495e-02 1.538093404541182076e-02 9.992291258550977107e-01 7.213272581993520616e-01
7.373631424701569959e-01 -6.745127665844093956e-01 3.644343344400393508e-02 1.586571111953644309e+00 6.746239297780558530e-01 7.380794976382797357e-01 1.100947486573347449e-02 1.752083754002565108e+00 -3.432418239888967992e-02 1.646763130065705127e-02 9.992750710499967992e-01 7.210185384631506711e-01
7.374853362277531410e-01 -6.744569555611100720e-01 3.497418968730713756e-02 1.589595254809032188e+00 6.745499132388365071e-01 7.381495286235184583e-01 1.084840736395671808e-02 1.758802613550555893e+00 -3.313296543505397929e-02 1.559129526682997112e-02 9.993293341603470825e-01 7.257565728764108215e-01
7.410668433051403881e-01 -6.705549721779398009e-01 3.429231752455508264e-02 1.598112944200983820e+00 6.705691188999124419e-01 7.417367357524136118e-01 1.279342069679312646e-02 1.748903898447752958e+00 -3.401456352144523881e-02 1.351458925663149256e-02 9.993299581948138499e-01 7.215166080069377319e-01
7.407567625482860407e-01 -6.709861820115311515e-01 3.251095643901182053e-02 1.604491572179324921e+00 6.709489094377730778e-01 7.413776729383959596e-01 1.366407672273924068e-02 1.754235835837947954e+00 -3.327130390065715509e-02 1.169143353118802867e-02 9.993779718998773154e-01 7.225677922395090658e-01
7.375449533220083120e-01 -6.746299902681744953e-01 3.003028571306906244e-02 1.618441947067654985e+00 6.745952400304326968e-01 7.380768115479080516e-01 1.280165549947667215e-02 1.758057742993836436e+00 -3.080103825400063930e-02 1.081649139098619580e-02 9.994670077378432493e-01 7.191591331018074573e-01
7.347883885052717279e-01 -6.776243047838094169e-01 3.018817126118656866e-02 1.633346822292901068e+00 6.776551601364223520e-01 7.353011252684394927e-01 1.075821172009428645e-02 1.759805925916047675e+00 -2.948742203569024861e-02 1.255216097722039459e-02 9.994863356727106130e-01 7.191520449863796349e-01
7.222723725857677080e-01 -6.908784618724109761e-01 3.177374262103717373e-02 1.648780055484294182e+00 6.912049190990131597e-01 7.226581650674944735e-01 9.676128227826228138e-04 1.760109366124271491e+00 -2.363005739853518000e-02 2.126328718859306355e-02 9.994946187975433105e-01 7.118199605011319431e-01
7.240569271802761442e-01 -6.887880380765379895e-01 3.622988828221073571e-02 1.676553505987301351e+00 6.893998785198494073e-01 7.243504884480315154e-01 -6.646606794434717878e-03 1.765706836338972741e+00 -2.166503401982962027e-02 2.978940227229962684e-02 9.993213786430997780e-01 7.125553487614382231e-01
7.235515331385298232e-01 -6.892297159771659798e-01 3.788901565006226602e-02 1.717291365705995165e+00 6.899637046751579961e-01 7.237757368679248460e-01 -9.938256999451935622e-03 1.794752310801428052e+00 -2.057340817228145088e-02 3.333288669309211749e-02 9.992325322670628784e-01 7.093329680884367106e-01
7.285882532919699672e-01 -6.838115766466331680e-01 3.950803473997899218e-02 1.762144631747298851e+00 6.845581772154768485e-01 7.289126221218767965e-01 -8.154220918991580969e-03 1.829773632208778089e+00 -2.322195453425741907e-02 3.298661782329271458e-02 9.991859806223021279e-01 6.994895017484564770e-01
7.315508661124965339e-01 -6.804964996173252789e-01 4.192665379729288572e-02 1.818873058771539597e+00 6.813420704565772423e-01 7.319109214749034420e-01 -8.909885053310034539e-03 1.877433409568007416e+00 -2.462343022436347395e-02 3.508442723327753060e-02 9.990809625098755475e-01 6.900048025091751747e-01
7.392154239148905903e-01 -6.722120213650709664e-01 4.112852268959568680e-02 1.873882246630662163e+00 6.729688970855892682e-01 7.396408895132792205e-01 -6.649670320459661298e-03 1.935648953205921785e+00 -2.595034877896990055e-02 3.259375541801198123e-02 9.991317363120635342e-01 6.821156014512822496e-01
7.449484895998440548e-01 -6.661647177024014876e-01 3.572557531244858336e-02 1.938804268820369270e+00 6.665310745970672857e-01 7.454741127943366186e-01 2.161885735757896124e-03 2.006820762439549988e+00 -2.807266356097860502e-02 2.220171259006700759e-02 9.993592995107496435e-01 6.902973240822863898e-01
7.598201273230990038e-01 -6.494069883231265994e-01 3.072356801888977834e-02 2.000757576703855900e+00 6.493846172121646720e-01 7.603645046135292240e-01 1.205981144090939594e-02 2.079248915865702152e+00 -3.119283640422673004e-02 1.078812499281702614e-02 9.994551632345257675e-01 6.987863267355248764e-01
7.631098738873980381e-01 -6.455712827239111773e-01 3.001731663188328056e-02 2.085244405761410125e+00 6.449956806696612865e-01 7.636986081875067889e-01 2.729483046112791966e-02 2.150462754043537039e+00 -4.054494164581286947e-02 -1.467915058107946598e-03 9.991766375032357095e-01 7.110675298008748424e-01
7.575850240882560094e-01 -6.520228200315254519e-01 3.051513452941492788e-02 2.154824882713215484e+00 6.513175091014500317e-01 7.581924878693024894e-01 3.049022263605141725e-02 2.232734474695518223e+00 -4.301666671306882128e-02 -3.223894638592015357e-03 9.990691532062270230e-01 6.976227411256573641e-01
7.579473707948457539e-01 -6.517744148767490309e-01 2.656868866290358622e-02 2.256517744958726368e+00 6.511963957442521433e-01 7.584039328081310094e-01 2.768986946177974529e-02 2.290894118673318047e+00 -3.819734643796381113e-02 -3.686029459271184840e-03 9.992634166784423178e-01 6.949160766284685486e-01
7.445007622846117057e-01 -6.671253821188624089e-01 2.573595714961730840e-02 2.341753606994751546e+00 6.669013003343129409e-01 7.449349349089501304e-01 1.773692094351409995e-02 2.358080632865988235e+00 -3.100436372612130551e-02 3.958192125403043986e-03 9.995114117132363196e-01 6.796078304982421381e-01
7.277077814951743440e-01 -6.855288729545918613e-01 2.217090654416140755e-02 2.440959528257315103e+00 6.855218088278516309e-01 7.279950435660106356e-01 9.114064113766438824e-03 2.408651288686355585e+00 -2.238826417545832642e-02 8.566264580876220905e-03 9.997126510844448477e-01 6.976707042791402413e-01
7.134720639898382011e-01 -7.003476564021534623e-01 2.169732882409809716e-02 2.533342208522509686e+00 7.003790677684021970e-01 7.137328738758008662e-01 7.385538627103974303e-03 2.472334221269253618e+00 -2.065854152580894054e-02 9.926979446933036424e-03 9.997373053662818032e-01 6.961516985794424794e-01
7.106452664952687126e-01 -7.031742600321396752e-01 2.300576528025633991e-02 2.616168841019652636e+00 7.031495234009967898e-01 7.109642699523271991e-01 1.051449437984449363e-02 2.525879789004930931e+00 -2.374979892232874368e-02 8.704417231663291732e-03 9.996800388983230201e-01 7.086698476675576952e-01
7.128723038836874970e-01 -7.009654554041737651e-01 2.145946610686020814e-02 2.707361754443541102e+00 7.009127005949040701e-01 7.131599436724945784e-01 1.114813373442718157e-02 2.598500395313091182e+00 -2.311848828006709405e-02 7.094016563023246812e-03 9.997075624544375927e-01 7.014126401866397353e-01
7.137932775201130120e-01 -7.000512781032306453e-01 2.067280806123807796e-02 2.792698001744253755e+00 7.001384228995929382e-01 7.139966110743557470e-01 3.876616303391108506e-03 2.674102458178913011e+00 -1.747414509501666116e-02 1.170672457601935196e-02 9.997787789570468098e-01 6.871049036521741371e-01
7.235746629546213615e-01 -6.899737022405546538e-01 1.939065100965354366e-02 2.871995249942368211e+00 6.902011949009567715e-01 7.235625248016978039e-01 -8.920945008261155218e-03 2.739360909725065518e+00 -7.875130947256012495e-03 1.983842027436302433e-02 9.997721837466393424e-01 6.862175058812918227e-01
7.298653642482111348e-01 -6.832233183121421138e-01 2.241533817237643250e-02 2.963909971257622900e+00 6.835817842953538781e-01 7.296326769632749398e-01 -1.876435149267468086e-02 2.817741154162777484e+00 -3.534720702944136803e-03 2.901816710054253359e-02 9.995726345431925619e-01 6.841231649888823707e-01
7.439256027826497419e-01 -6.677692838635896910e-01 2.566867843876185010e-02 3.038656818733714626e+00 6.682504888633167273e-01 7.435930848185532405e-01 -2.259664452788143207e-02 2.882224157097849293e+00 -3.997706649387610701e-03 3.396332931645052594e-02 9.994150842383902056e-01 7.046764790259515410e-01
7.449664326178890850e-01 -6.663468718410326952e-01 3.173106774534557861e-02 3.126861347964763560e+00 6.669825408669004529e-01 7.448899627153976466e-01 -1.652977993016297234e-02 2.955134941802865622e+00 -1.262158672106268413e-02 3.347819937574593452e-02 9.993597478961923075e-01 7.038874366695940799e-01
7.537020275866723740e-01 -6.565685885716204817e-01 2.917091210132118778e-02 3.212830778468318993e+00 6.571030017309504867e-01 7.536535401634227860e-01 -1.489921190083777318e-02 3.016529873571109910e+00 -1.220240664639211936e-02 3.039786012411629934e-02 9.994633917116979571e-01 6.963534002661665445e-01
7.502989439748954936e-01 -6.608165270975527861e-01 1.931352336836676328e-02 3.306384662033916566e+00 6.610716201399177150e-01 7.502124055916479239e-01 -1.287087960968829291e-02 3.081073233411480761e+00 -5.983954862266609338e-03 2.242462956291733575e-02 9.997306278558799608e-01 6.957714402992527525e-01
7.416156552661921086e-01 -6.707866588389369555e-01 7.174830158772515197e-03 3.390194456811590040e+00 6.707945186769841417e-01 7.414374996655268557e-01 -1.746848025997639955e-02 3.136333288806671948e+00 6.397935375139151941e-03 1.776773517745395756e-02 9.998216711041716387e-01 6.845929930998292390e-01
7.272352620725166528e-01 -6.863706925677331983e-01 -4.913856166355918924e-03 3.472194911788108573e+00 6.862971222811797833e-01 7.272367166316455744e-01 -1.109134488425294468e-02 3.198268376941642899e+00 1.118631069413329564e-02 4.693651757367315637e-03 9.999264153357352303e-01 6.934271478311936354e-01
7.238434065026263520e-01 -6.899407214545645317e-01 -5.702959007782919774e-03 3.557649932505832169e+00 6.899486130099091730e-01 7.238579532577745779e-01 -7.582289315419377769e-04 3.253783171685984854e+00 4.651265250942094275e-03 -3.385909644750773485e-03 9.999834505367483084e-01 6.932568333542025174e-01
7.155833383340536313e-01 -6.985255217884651646e-01 -1.606645219173303283e-03 3.641905154521977384e+00 6.984738298185405592e-01 7.154981220755811666e-01 1.402663056047132734e-02 3.327530141088363091e+00 -8.648407794028100531e-03 -1.115942276143024568e-02 9.999003311961640605e-01 6.964011819302445838e-01
7.197932455928875983e-01 -6.941774527848354470e-01 3.917606926792013486e-03 3.726427621338731733e+00 6.940548352722180070e-01 7.197539268996869799e-01 1.556182340455343829e-02 3.391969566975405748e+00 -1.362237990127010759e-02 -8.482261345464673849e-03 9.998712327136088929e-01 6.851970654194083910e-01
7.190232151934790039e-01 -6.949588824611594440e-01 6.145543197163329772e-03 3.812138751956111182e+00 6.948883025911567479e-01 7.190422803741324254e-01 1.041373882358804896e-02 3.470729794865652806e+00 -1.165602568971167707e-02 -3.217253890337561269e-03 9.999268904987328455e-01 6.774512874617732994e-01
7.254380274758878144e-01 -6.882514992722892355e-01 7.038610755027341695e-03 3.898285556020272047e+00 6.882770002902641737e-01 7.254454967905369367e-01 -1.897908770374989078e-03 3.534370432784960769e+00 -3.799889919206593525e-03 6.221329091397327475e-03 9.999734275973921616e-01 6.702500580692956067e-01
7.283147702645400567e-01 -6.851527269413079102e-01 1.110568230335540196e-02 3.973811915304526377e+00 6.852423552575813703e-01 7.282018272051438146e-01 -1.284575478760354925e-02 3.613899691923830648e+00 7.141257766787010870e-04 1.696583684530788075e-02 9.998558148075408214e-01 6.754088215627512826e-01
7.422224558362960911e-01 -6.700838291192520169e-01 9.668919548988460372e-03 4.058697117878470983e+00 6.701433969600724128e-01 7.420543660154573784e-01 -1.622175662924278672e-02 3.665566507736643498e+00 3.695072831179733314e-03 1.851971463483441036e-02 9.998216674020192762e-01 6.869296069704857732e-01
7.332585978283568950e-01 -6.799043430950332256e-01 7.868478336424634609e-03 4.131476077214172093e+00 6.799202294686961245e-01 7.330694795916273820e-01 -1.782188683667909612e-02 3.737693489763936672e+00 6.349036943140086604e-03 1.841798934859679993e-02 9.998102156900511295e-01 6.970818982808579811e-01
7.410703152476555422e-01 -6.714187091139760533e-01 3.421243997877256547e-03 4.210272370295078836e+00 6.712414045653327666e-01 7.407354449877209257e-01 -2.731258566889985945e-02 3.789349814544922257e+00 1.580394431719237339e-02 2.253702709838246998e-02 9.996210870892640044e-01 6.913435443930930902e-01
7.344887822072057038e-01 -6.785949156493834566e-01 -5.930368168560124290e-03 4.295055030195118917e+00 6.783304229892452852e-01 7.344020647964184523e-01 -2.283515863541654353e-02 3.853529127094702300e+00 1.985109717602780849e-02 1.274941870938115299e-02 9.997216543935696365e-01 6.887747737784705171e-01
7.292863458693223944e-01 -6.841080266502337359e-01 -1.173173479624504620e-02 4.379909696470372538e+00 6.837927399324443822e-01 7.293336612863488000e-01 -2.235842861747401947e-02 3.904851731890399691e+00 2.385192957267916192e-02 8.283621625339914959e-03 9.996811827119496119e-01 6.820757334214916368e-01
7.238083803230307423e-01 -6.898341279334936349e-01 -1.517578704465642747e-02 4.468794159751675821e+00 6.897471098174756676e-01 7.239636224355956440e-01 -1.120704636729762116e-02 3.964728935489411743e+00 1.871772081964802326e-02 -2.355701173930040051e-03 9.998220329634821546e-01 6.879490117086429768e-01
7.231007628324700454e-01 -6.906872920837753282e-01 -8.737925676136846717e-03 4.556223041986860345e+00 6.907029367016777055e-01 7.231369223743122632e-01 -1.563563427446910134e-03 4.022422149657708168e+00 7.398650071072753256e-03 -4.904697018055714439e-03 9.999606011859766275e-01 6.903238132911362346e-01
7.320660110938734810e-01 -6.812222025299030648e-01 3.958052735476863537e-03 4.643422418558273534e+00 6.811900514374644722e-01 7.320725199335501587e-01 7.066780077671657237e-03 4.080921740887409221e+00 -7.711629129406969742e-03 -2.477163356257256442e-03 9.999671966808756363e-01 6.919527797056078677e-01
7.505316185939850948e-01 -6.606754787504932613e-01 1.449831950777921881e-02 4.733529618249850301e+00 6.606652955907753588e-01 7.506553013274850361e-01 6.163261375951816293e-03 4.143079902475524712e+00 -1.495515605908781520e-02 4.952814006875386373e-03 9.998758987697388134e-01 6.855991073152164494e-01
7.784649864951868059e-01 -6.274139321046677820e-01 1.854784629185038738e-02 4.822068700051149293e+00 6.275690215593400234e-01 7.785529047189683194e-01 -3.535213231453832820e-03 4.200055135176715027e+00 -1.222243757243964696e-02 1.439209346990023668e-02 9.998217239414594060e-01 6.747353412731028621e-01
8.112386434197821350e-01 -5.843062633874234191e-01 2.186444576759701344e-02 4.906401698640037168e+00 5.846813869709474032e-01 8.110265329038289783e-01 -1.958669588256628860e-02 4.256163372248356502e+00 -6.288016561524801921e-03 2.867321907360716182e-02 9.995690608235173746e-01 6.725854236626385152e-01
8.488242984947361736e-01 -5.276410037957590671e-01 3.304968076088024564e-02 4.993927979222868352e+00 5.284160204633669977e-01 8.487056735733252699e-01 -2.179882937156239417e-02 4.300269737508489065e+00 -1.654749536037907962e-02 3.596735683457974453e-02 9.992159574584270620e-01 6.777621382483083323e-01
8.754051306675069144e-01 -4.814421992429633312e-01 4.335050160246520928e-02 5.078501454476508137e+00 4.824732606107282051e-01 8.757447587602856798e-01 -1.704905567462107127e-02 4.345979420695134543e+00 -2.975583970900076008e-02 3.584028866785857886e-02 9.989144426382796649e-01 6.883953363399191172e-01
9.027147899749752291e-01 -4.268852130472346462e-01 5.361923947747760516e-02 5.163012918319996203e+00 4.280773702310987083e-01 9.036543872454532167e-01 -1.259021476853151508e-02 4.380629963052347975e+00 -4.307868448083130436e-02 3.431855610983162302e-02 9.984820797840412432e-01 6.908875671085719095e-01
9.242510693025977053e-01 -3.781106148641044107e-01 5.284244335939541903e-02 5.251286244929610270e+00 3.791074026904326377e-01 9.252993579211906683e-01 -9.933552022541137366e-03 4.408676036659539221e+00 -4.513909744842790200e-02 2.921405753260923610e-02 9.985534541144748255e-01 6.821164036345521708e-01
9.395403468636097655e-01 -3.390890590609934030e-01 4.777600486271996877e-02 5.337684745059884328e+00 3.400749837413731269e-01 9.402934563581960559e-01 -1.404355236726446618e-02 4.429278983409672854e+00 -4.016144978528435328e-02 2.944190813925893352e-02 9.987593463874006039e-01 6.745148815933329489e-01
9.540367714921879072e-01 -2.973793470772671532e-01 3.713977076898345581e-02 5.422535528772715274e+00 2.982610664249653043e-01 9.542555318390540942e-01 -2.089775608598066353e-02 4.441825367766135457e+00 -2.922627064732952196e-02 3.101457538403910516e-02 9.990915479663110554e-01 6.722222339732323304e-01
9.675993708039403174e-01 -2.502786754551043491e-01 3.334729722744320807e-02 5.507923296237903443e+00 2.510590660294748644e-01 9.677291895035875502e-01 -2.166935963413124666e-02 4.449043846367271016e+00 -2.684777429088049117e-02 2.933940004424084522e-02 9.992088853791237790e-01 6.784505409976936408e-01
9.779904165347090839e-01 -2.058246161557421572e-01 3.421947619020159620e-02 5.596584578961807388e+00 2.065829146180565290e-01 9.782184801837573440e-01 -2.030035503872427982e-02 4.456173071915342732e+00 -2.929581120781572443e-02 2.692271180820057092e-02 9.992081480024511686e-01 6.837071364599430767e-01
9.898148391158865245e-01 -1.360519794706009367e-01 4.190994092397106602e-02 5.682019071368578977e+00 1.370338017579562917e-01 9.903328738288588173e-01 -2.150665453854840384e-02 4.457109312747572716e+00 -3.857876931549862609e-02 2.703068433825738665e-02 9.988898941636287221e-01 6.823328237085557468e-01
9.969621978727171152e-01 -6.873104647448148585e-02 3.663904015466046965e-02 5.774830606352578499e+00 6.978312297671118714e-02 9.971620277956330103e-01 -2.825254094628856794e-02 4.458656272986870839e+00 -3.459323287233052879e-02 3.072350196216000473e-02 9.989291139347871162e-01 6.689636020106505265e-01
9.994871482086266079e-01 1.599511937222821908e-02 2.774160633751334565e-02 5.857111956244410500e+00 -1.476263984341033390e-02 9.989190663850784357e-01 -4.407678841545684817e-02 4.453144470270086863e+00 -2.841663299496697756e-02 4.364464421251614684e-02 9.986428991389806331e-01 6.636345203406343041e-01
9.925167378757934200e-01 1.218925302930778526e-01 7.261962218913575913e-03 5.936481405355111818e+00 -1.213270545349486584e-01 9.911363466414248036e-01 -5.411550798036021681e-02 4.449204625648431666e+00 -1.379387089894900005e-02 5.282947496298425610e-02 9.985082752289403674e-01 6.636626532283195212e-01
9.717627024110742084e-01 2.359589027213793433e-01 8.040083096784853738e-04 6.014818274564212253e+00 -2.355315531210971369e-01 9.701967709632020043e-01 -5.694833708511462533e-02 4.445982009340767149e+00 -1.421751339631424464e-02 5.515090061773472718e-02 9.983768028524059313e-01 6.758792403086781864e-01
9.452568342407815516e-01 3.263185672834269524e-01 2.389553784891951336e-03 6.096535774296898857e+00 -3.258549486086776414e-01 9.442570967059691345e-01 -4.687310302805465512e-02 4.440334080253143689e+00 -1.755191694361336527e-02 4.352847305355424939e-02 9.988979939138645792e-01 6.884171329932079475e-01
9.163218993382773458e-01 4.003730295722884303e-01 7.457478413935757222e-03 6.162743084267486182e+00 -3.997372596145611912e-01 9.156542946826023988e-01 -4.227689564031729408e-02 4.426165596752304587e+00 -2.375500092567372004e-02 3.575821332642647316e-02 9.990781001056097121e-01 6.831025384459823435e-01
8.830970527114544444e-01 4.691549699456979972e-01 5.762782980441989895e-03 6.226966849975467788e+00 -4.686289066955377502e-01 8.825744551597838328e-01 -3.806939595788889213e-02 4.403415753028737889e+00 -2.294653136566649626e-02 3.091836468125379669e-02 9.992584807864440810e-01 6.817280027714999191e-01
8.591120033858811178e-01 5.117614512703089202e-01 5.175193917874450732e-03 6.298993560247929224e+00 -5.113225348020661309e-01 8.587184040869459967e-01 -3.394065240685147783e-02 4.376873770805456587e+00 -2.181355179481301101e-02 2.651262861327824752e-02 9.994104509569724515e-01 6.760695580385136516e-01
8.287894404877382826e-01 5.595583699218376061e-01 1.579236054106341507e-03 6.353287403034838299e+00 -5.592641683683207132e-01 8.284389393804125756e-01 -3.020784165404622607e-02 4.338944782611406481e+00 -1.821135127651323307e-02 2.415273004432491599e-02 9.995423914552089562e-01 6.623951532599345882e-01
8.070235644333002556e-01 5.905134380394808646e-01 -2.616475537627712799e-03 6.416623818087025199e+00 -5.902869722577238631e-01 8.065739693151835477e-01 -3.161838714745108386e-02 4.300142596437328990e+00 -1.656070143972667580e-02 2.706125492044193434e-02 9.994965891136712299e-01 6.561628234263923165e-01
7.960994927880288285e-01 6.051603387242807663e-01 -2.561643580133732886e-03 6.482501643918800127e+00 -6.047805864822224375e-01 7.954346646502350460e-01 -3.904019066083284917e-02 4.264126928040637310e+00 -2.158795490207518139e-02 3.262910829016878872e-02 9.992343576435113173e-01 6.636167437410993575e-01
7.723959712877750405e-01 6.350942628136688750e-01 7.729222448021484497e-03 6.522720749816713237e+00 -6.343174950389830480e-01 7.719566328989396764e-01 -4.152435924428379832e-02 4.225160835365576517e+00 -3.233850685898147226e-02 2.717046676874168912e-02 9.991075951616047446e-01 6.702437391179479897e-01
7.517995507380462739e-01 6.593051197190432644e-01 1.068618839450771046e-02 6.592825851380388791e+00 -6.586111584440618172e-01 7.515992984539423549e-01 -3.646692386752073411e-02 4.196855144261476767e+00 -3.207456130674065514e-02 2.037777406251976842e-02 9.992777235789556123e-01 6.721208812631621621e-01
7.301825201982466984e-01 6.831708965143403756e-01 1.053628742967458072e-02 6.646779450278873291e+00 -6.826016224681905609e-01 7.300733345251257944e-01 -3.237207467871736077e-02 4.170510616669586668e+00 -2.980792177760664685e-02 1.644543617864067248e-02 9.994203497168220318e-01 6.608710036320529779e-01
7.034658325858185179e-01 7.107119114326628795e-01 4.939770454308394301e-03 6.699357627410159388e+00 -7.103327478117406057e-01 7.032886487577142409e-01 -2.850375264096037878e-02 4.142685718676028195e+00 -2.373204101046426720e-02 1.654253536299983909e-02 9.995814797969899690e-01 6.589474565685787821e-01
6.706182665033867396e-01 7.417626736865641224e-01 7.699127055695948775e-03 6.750352890090912439e+00 -7.413107451195477537e-01 6.705153925308423579e-01 -2.945314158722507625e-02 4.115781316343132268e+00 -2.700962425212249246e-02 1.404436913984861979e-02 9.995365105353180013e-01 6.593118482645445866e-01
6.395826582936430249e-01 7.686150832784769404e-01 1.284044262954813290e-02 6.801884850111576064e+00 -7.683223159306760142e-01 6.396994512585394421e-01 -2.157384764688952822e-02 4.097658501027034106e+00 -2.479600880980757302e-02 3.932660208881689871e-03 9.996847963886823507e-01 6.633917335697556705e-01
6.535533833389584046e-01 7.562399464827275208e-01 3.113066767780977087e-02 6.856981664513233099e+00 -7.559829095535605115e-01 6.542284263817973455e-01 -2.179464559874847232e-02 4.075115091468693329e+00 -3.684854934829380479e-02 -9.290288357708956918e-03 9.992776766009796585e-01 6.623414921279937584e-01
6.452136593380420893e-01 7.638042720414840447e-01 1.738872665995434830e-02 6.843082831004960731e+00 -7.624342576906919522e-01 6.451801294080456994e-01 -4.936196224326501458e-02 4.037793873851360793e+00 -4.892173855448461034e-02 1.859125138788464068e-02 9.986295754024779869e-01 6.693732631457020021e-01
5.799266621563484714e-01 8.145887252389752975e-01 1.141381766975130621e-02 6.874902957016889360e+00 -8.143696229209128612e-01 5.800364644321914787e-01 -1.896884794861274440e-02 3.995078943515693481e+00 -2.207224011656434490e-02 1.705474283954551721e-03 9.997549237556161428e-01 6.701218350314646077e-01
6.160945564198320179e-01 7.876638061552977410e-01 -3.636759939677339237e-03 6.945492595610380349e+00 -7.871357771105448320e-01 6.154980485463498185e-01 -3.974192531895749669e-02 3.989601773448856026e+00 -2.906485751478344107e-02 2.734740771190321759e-02 9.992033593563314220e-01 6.782546444314756506e-01
5.855044439175717264e-01 8.105948255031130145e-01 1.098066575438601776e-02 6.890394257259332633e+00 -8.099203825347400798e-01 5.854920056640129378e-01 -3.504404739973054211e-02 3.920335626617417635e+00 -3.483561550298446691e-02 1.162498047708806700e-02 9.993254423466503278e-01 6.664039819449620872e-01
5.934563795137215436e-01 8.043980188449880719e-01 2.744727477871728230e-02 6.949825335509889790e+00 -8.037264153804932754e-01 5.940854942518254411e-01 -3.295868230114983033e-02 3.900571098157339822e+00 -4.281792654958157390e-02 -2.500559497912775101e-03 9.990797627657583835e-01 6.679427622250102559e-01
5.883422711715590170e-01 8.071762220897295004e-01 4.816553171819338425e-02 6.964175853137323458e+00 -8.060691985120993497e-01 5.901709069444417421e-01 -4.416727075874857245e-02 3.881147980377555040e+00 -6.407666628866323655e-02 -1.283927915837678943e-02 9.978623821689620588e-01 6.670408214513929845e-01
5.957773911568032821e-01 8.010200772189129959e-01 5.844772090211070720e-02 6.996325792247908737e+00 -8.002473347384650992e-01 5.982315788702101678e-01 -4.151121880018402571e-02 3.854686591392784578e+00 -6.821659204542446231e-02 -2.204118723297419230e-02 9.974270312333425315e-01 6.777865773118536552e-01
5.600479440732837322e-01 8.266960011678626818e-01 5.403722783787756612e-02 6.995358284236963264e+00 -8.263334178692729459e-01 5.620913744251883060e-01 -3.501955609549715215e-02 3.836873922875820409e+00 -5.932438665235408720e-02 -2.504013677784856437e-02 9.979246508120529491e-01 6.731462148191927897e-01
5.373589175139696916e-01 8.425904198871586592e-01 3.587168915237640837e-02 7.030889442350679808e+00 -8.418886208428778550e-01 5.384460129371715364e-01 -3.604776341434621362e-02 3.835198610520045293e+00 -4.968846811271779990e-02 -1.082937978070393041e-02 9.987060531858533707e-01 6.752508872204937562e-01
5.215963669673798764e-01 8.525445965932331172e-01 3.324064960494808180e-02 7.044236075236712580e+00 -8.516428913134362899e-01 5.226007817002044087e-01 -3.991000678352279313e-02 3.828927077365212206e+00 -5.139665010107136861e-02 -7.492248394804999420e-03 9.986502143254489816e-01 6.780743412573999596e-01
4.807225132055340522e-01 8.759815984740386696e-01 3.952346685538996041e-02 7.049579969439167648e+00 -8.757694615294063789e-01 4.818900627885626675e-01 -2.845729498673247454e-02 3.806935032577791755e+00 -4.397403267530010373e-02 -2.093338292070751408e-02 9.988133348777701315e-01 6.868174522268768456e-01
4.408768574524914441e-01 8.962526818857613486e-01 4.856672498162265678e-02 7.071695081181761822e+00 -8.965651941355939902e-01 4.422958765702491579e-01 -2.334973733023931394e-02 3.797138186654145375e+00 -4.240812690145562974e-02 -3.324887639522332294e-02 9.985469758559433195e-01 6.850641758375072277e-01
4.608444368370293032e-01 8.861666443532135728e-01 4.828129526193602333e-02 7.110463379614071044e+00 -8.862419208604509491e-01 4.623932312337304396e-01 -2.770843587499271024e-02 3.805184679353680099e+00 -4.687923576394343456e-02 -3.001962932816527180e-02 9.984493773392176807e-01 6.811621579686309991e-01
4.551100549311831722e-01 8.890712545849404069e-01 4.926603466221531058e-02 7.091331875368175552e+00 -8.888691602778181489e-01 4.568937041348142269e-01 -3.405523496916030429e-02 3.777021174523758074e+00 -5.278687154407837867e-02 -2.829217900295558433e-02 9.982049382765723067e-01 6.840804328780449861e-01
4.311972235508677587e-01 9.006400874243715160e-01 5.400358623541589437e-02 7.097155901202101269e+00 -9.007769741439256572e-01 4.331454516184128356e-01 -3.139841706556440598e-02 3.757936949544678829e+00 -5.167008083987727901e-02 -3.510627673953926886e-02 9.980469688743950352e-01 6.854762022377303143e-01
4.334822329720774969e-01 8.986746533439771145e-01 6.691054576571885126e-02 7.127124217378517201e+00 -8.984233051678646165e-01 4.367562655404528815e-01 -4.560185568850387561e-02 3.751484496621436460e+00 -7.020483194662484328e-02 -4.034639944594484856e-02 9.967163335789039902e-01 6.780279131616753219e-01
4.178211944807330158e-01 9.060857121250566193e-01 6.658927635561542879e-02 7.115668352315513978e+00 -9.054031493128946728e-01 4.213385466855088524e-01 -5.214370806782408357e-02 3.725157092834225026e+00 -7.530329778199718049e-02 -3.850339413333409705e-02 9.964170321623602167e-01 6.782045385451620501e-01
3.893251636453986531e-01 9.180153519532976425e-01 7.532416963092507245e-02 7.124584149194216565e+00 -9.164309424790711978e-01 3.942779168377856247e-01 -6.855109015036379982e-02 3.697306642383558550e+00 -9.262960984079139648e-02 -4.234073537550849670e-02 9.947999886954559390e-01 6.704979278255348563e-01
4.043948722843739851e-01 9.113183826358121076e-01 7.722430148724848675e-02 7.150607671000781984e+00 -9.084250833669519354e-01 4.100199494478007356e-01 -8.153225720163742585e-02 3.698751739520942827e+00 -1.059653489575931445e-01 -3.718126577844352992e-02 9.936744428107636695e-01 6.635673035180174040e-01
3.885988339209668907e-01 9.175477990748773793e-01 8.424359137734860337e-02 7.133244224489948770e+00 -9.136242921892107072e-01 3.955609195589213090e-01 -9.392662902120618718e-02 3.673656863484244806e+00 -1.195056442051061485e-01 -4.046721303188851454e-02 9.920084705648565260e-01 6.637076690026127990e-01
3.762368268439166274e-01 9.227020702914036088e-01 8.406390192239475423e-02 7.142376063340943659e+00 -9.193573097900051838e-01 3.830497482104943119e-01 -8.974980407434098029e-02 3.667362730429173823e+00 -1.150129864926126150e-01 -4.351758122708095783e-02 9.924103148708522948e-01 6.610650991774063012e-01
3.676515330909256307e-01 9.255903760042030193e-01 9.008221835817141476e-02 7.148503131798826793e+00 -9.233550899622532393e-01 3.748497756089557154e-01 -8.308443636767395835e-02 3.670455411886918373e+00 -1.106694540355749740e-01 -5.263175442958985262e-02 9.924626795849802452e-01 6.600755826717314978e-01
3.588314939410884863e-01 9.285730042350476277e-01 9.482686730006348319e-02 7.151406839326722498e+00 -9.278700991524607700e-01 3.659037385307822299e-01 -7.191337308051110044e-02 3.669752415547623325e+00 -1.014743221443060034e-01 -6.218223166725788537e-02 9.928929106455036679e-01 6.616003241476753338e-01
3.684606810773801144e-01 9.242847659907662550e-01 9.967144956017515156e-02 7.165885731653027335e+00 -9.235719702710821766e-01 3.761776543521731520e-01 -7.419695475896656567e-02 3.674486825772399712e+00 -1.060732870680513446e-01 -6.471509656576390768e-02 9.922501771463325682e-01 6.587660373157914195e-01
3.692010632085608868e-01 9.243256609434359339e-01 9.650205928988039861e-02 7.158370539095638918e+00 -9.233034618443927144e-01 3.766416099561983866e-01 -7.517855409342366624e-02 3.667807105216418062e+00 -1.058361576762095885e-01 -6.134468331574071537e-02 9.924895654650945920e-01 6.582410178467223982e-01
3.545005987237364597e-01 9.300109498827788812e-01 9.699978661153324522e-02 7.157982206427988991e+00 -9.288288596218521320e-01 3.621920002885173906e-01 -7.806346431196575786e-02 3.655668128458560151e+00 -1.077324233363063516e-01 -6.242265634496949739e-02 9.922182909706852572e-01 6.580629046334853793e-01
3.510145246732404578e-01 9.315140649461045586e-01 9.523838656782551704e-02 7.168180864868582525e+00 -9.301292851390714489e-01 3.585901405842695788e-01 -7.919989900401140648e-02 3.652672633347895381e+00 -1.079273662929271099e-01 -6.078369751312648339e-02 9.922988590750098092e-01 6.551545842240347195e-01
3.446484662634028973e-01 9.342247301674387883e-01 9.187811625136511895e-02 7.171568357847825759e+00 -9.310790831884367957e-01 3.526695694211244292e-01 -9.335906840317662048e-02 3.640302540837340395e+00 -1.196209661852377926e-01 -5.336973250752580916e-02 9.913841314550300154e-01 6.503186015672256515e-01
3.543417531680746468e-01 9.304466971817625387e-01 9.333201843613221638e-02 7.181061474629989227e+00 -9.257120843077777383e-01 3.631459132364883713e-01 -1.057458399465220494e-01 3.629120232129217527e+00 -1.322840085881509531e-01 -4.892841100234276985e-02 9.900035109374575315e-01 6.492778559095806479e-01
3.630172211948156091e-01 9.265628083462461584e-01 9.848786374750859163e-02 7.180872862830391945e+00 -9.201575127815951882e-01 3.731242205766571174e-01 -1.186948511539467344e-01 3.618755434493382772e+00 -1.467264420184944962e-01 -4.753607270910337884e-02 9.880342468780332066e-01 6.425674840991467685e-01
3.708584454677246733e-01 9.229469081211757464e-01 1.031165273603548288e-01 7.186764398509538410e+00 -9.170484038725527087e-01 3.814707269885491692e-01 -1.161994380598998372e-01 3.610471905178851415e+00 -1.465818487394970338e-01 -5.146930386563883936e-02 9.878586297540500327e-01 6.406795830127236524e-01
3.996040843252336439e-01 9.111516350561288391e-01 1.005946008748272030e-01 7.201700030946609488e+00 -9.043809014032224702e-01 4.097795905017748708e-01 -1.190624726145784879e-01 3.617340993160401919e+00 -1.497055809497816470e-01 -4.339798546889019060e-02 9.877777350647154453e-01 6.337213341267599054e-01
4.113795934921023467e-01 9.064462112266088445e-01 9.550966553824356831e-02 7.193619337437024086e+00 -9.012851007666684566e-01 4.201626422738069522e-01 -1.055865577302025071e-01 3.620094107721221199e+00 -1.358381286462445880e-01 -4.264528333160989143e-02 9.898128018041082443e-01 6.345964096731838699e-01
4.043043114278828676e-01 9.101018429539847743e-01 9.084414792715714282e-02 7.199054583952731790e+00 -9.061835444439970688e-01 4.120551890496597092e-01 -9.508893182682393030e-02 3.617289525320666943e+00 -1.239734146483041644e-01 -4.387660685403452915e-02 9.913150033320686783e-01 6.362979064693340403e-01
4.220645957191058728e-01 9.017507069047815405e-01 9.331205515482068891e-02 7.218420044797056789e+00 -8.976476624299363216e-01 4.300948644398587817e-01 -9.616174767719176675e-02 3.625624700734044303e+00 -1.268469596575309000e-01 -4.317487902930775695e-02 9.909822292282977063e-01 6.376273768940864395e-01
4.259131997849470719e-01 8.999574997627781681e-01 9.313669990769422868e-02 7.209919010180827925e+00 -8.948114432805779339e-01 4.342169178840576960e-01 -1.037696930572629822e-01 3.613391501505716086e+00 -1.338298442907833730e-01 -3.914290285614040882e-02 9.902309861506748412e-01 6.372452379292499192e-01
4.307572160448960852e-01 8.984345958673732868e-01 8.522615662985844054e-02 7.212499617434930066e+00 -8.922446052198310662e-01 4.381485375140238281e-01 -1.092035875336932610e-01 3.605173239524930295e+00 -1.354539969184212767e-01 -2.900234512855062383e-02 9.903590655392140452e-01 6.360591111253337537e-01
4.279826492861036891e-01 9.001209912747143438e-01 8.132067988334044928e-02 7.209863680170070843e+00 -8.927793364397386133e-01 4.350555057873227716e-01 -1.169263157298434663e-01 3.598593807308708037e+00 -1.406268407384687336e-01 -2.255898824782392315e-02 9.898056292590918792e-01 6.334831078571635521e-01
4.054117528456793740e-01 9.102799752322282556e-01 8.385509731567611369e-02 7.203516208924564346e+00 -9.042033950235682793e-01 4.128013966995474626e-01 -1.095957449472947515e-01 3.587828431524749728e+00 -1.343783132884727172e-01 -3.139066061942525493e-02 9.904327818400675554e-01 6.370135049359548773e-01
3.853747240451007028e-01 9.182263804883890046e-01 9.135992689558693203e-02 7.216894622431051509e+00 -9.138008229504405167e-01 3.935211191012891185e-01 -1.005444418959189762e-01 3.583886349173548869e+00 -1.282746196332802957e-01 -4.473748983204223900e-02 9.907291148246819557e-01 6.338786953914005151e-01
4.026762567392073167e-01 9.107958706248936442e-01 9.111923129148985501e-02 7.236720939213742376e+00 -9.064860852719978102e-01 4.106135566263953152e-01 -9.838437031695794477e-02 3.594469361706899235e+00 -1.270228698563804770e-01 -4.298126530561162395e-02 9.909681131933607556e-01 6.329248898022142855e-01
4.014513046828341314e-01 9.108823185317227455e-01 9.555235085925993521e-02 7.224811605490080169e+00 -9.061437719458721451e-01 4.101881210065523864e-01 -1.031948155122795613e-01 3.585581531442366021e+00 -1.331927720709999707e-01 -4.515647430206871926e-02 9.900608962566294080e-01 6.351141900252424977e-01
4.256152620423487298e-01 8.989793308251009529e-01 1.033818720370314054e-01 7.246420507514016229e+00 -8.934731172337673222e-01 4.355890759106663679e-01 -1.093981065999693331e-01 3.587549220603423628e+00 -1.433786507713029068e-01 -4.580741966697902956e-02 9.886072237275450592e-01 6.304279208270356927e-01
