7.827373238614918627e-01 -6.219317993525368404e-01 2.287179022870379150e-02 1.576449999999999907e+00 6.219581460784144866e-01 7.830208830546619980e-01 6.808907915292719548e-03 1.756610000000000227e+00 -2.214376573330436096e-02 8.895709888103453533e-03 9.997152194423846172e-01 7.167930000000001245e-01
7.670632204453714520e-01 -6.409891967518994704e-01 2.732883984603429531e-02 1.572742290941576915e+00 6.411455127907930152e-01 7.674101693879867847e-01 3.750113082638416306e-03 1.759382979309563222e+00 -2.337621158799152790e-02 1.464518921886017247e-02 9.996194631781322171e-01 7.235011798954112949e-01
7.656614424042625933e-01 -6.426505243687214985e-01 2.761990485195902137e-02 1.573147799264542179e+00 6.428367481348538082e-01 7.659985180864949950e-01 2.680585141351918971e-03 1.754307751883653843e+00 -2.287948563299541452e-02 1.570266913301246459e-02 9.996149035099810565e-01 7.221879036677797403e-01
7.571834001257427005e-01 -6.526183857646149500e-01 2.761414738875178979e-02 1.571674245034844652e+00 6.527147970681387301e-01 7.575748929392598363e-01 6.608727288013467246e-03 1.760586342132577142e+00 -2.523276168630448832e-02 1.302014401061698211e-02 9.995968105129312553e-01 7.329237262782698492e-01
7.585972149412814058e-01 -6.509874084068431044e-01 2.730676800855912426e-02 1.571144280574035657e+00 6.509670522479528154e-01 7.590284854068118925e-01 1.084689949489369906e-02 1.749726697616252213e+00 -2.778780975432216041e-02 9.547378529376079892e-03 9.995682493918434108e-01 7.262721545353029162e-01
7.513812857290538272e-01 -6.592620509112233629e-01 2.827917404171118032e-02 1.570273446552357122e+00 6.588965026407452852e-01 7.519104187884906310e-01 2.204815015168032702e-02 1.759258795826932342e+00 -3.579891428449104296e-02 2.066481464735644286e-03 9.993568768915375156e-01 7.322785185872775493e-01
7.505770467941065283e-01 -6.601173439888328165e-01 2.965112124299062318e-02 1.572340324642665710e+00 6.597333249318553250e-01 7.511581472710613383e-01 2.265784108571185576e-02 1.753984706005739191e+00 -3.722951517541561034e-02 2.555377356751997037e-03 9.993034740489837864e-01 7.179910673626701545e-01
7.440946296733254028e-01 -6.673499664610226256e-01 3.109990925692138891e-02 1.577499156669232239e+00 6.668707450596710329e-01 7.447419115242496224e-01 2.535536635045915199e-02 1.760507078927304736e+00 -4.008230875181619662e-02 1.872827722674929099e-03 9.991946262072496365e-01 7.206131095761247884e-01
7.422445745826073971e-01 -6.694601881118192876e-01 2.993406146802628578e-02 1.571731128680612155e+00 6.690173375481761608e-01 7.428455052878215614e-01 2.442042861275538906e-02 1.756091782527851475e+00 -3.858488774939917293e-02 1.900475458542836074e-03 9.992535186980318063e-01 7.196322458358318519e-01
7.447511595655558203e-01 -6.666172113696136048e-01 3.109990082877774759e-02 1.580247203282813429e+00 6.661508776606714921e-01 7.453973060534767603e-01 2.501728043046810152e-02 1.752687079831128480e+00 -3.985873201291147833e-02 2.085577622482329488e-03 9.992031484379457762e-01 7.221794397086066519e-01
7.369408261862024911e-01 -6.751573748118205875e-01 3.287457889020200391e-02 1.575426418012251917e+00 6.748426150319425387e-01 7.376468156256986708e-01 2.155505356328251201e-02 1.761885144547004067e+00 -3.880288181110732454e-02 6.300367804924554387e-03 9.992270221169341493e-01 7.235841245806305944e-01
7.365437104466976415e-01 -6.754283926771944557e-01 3.605341824172467180e-02 1.582518213549766850e+00 6.753119869310288959e-01 7.373325939488626357e-01 1.715710371559295983e-02 1.753038780380196782e+00 -3.817175537851297262e-02 1.171034867727282873e-02 9.992025744688509681e-01 7.229083905161508561e-01
7.355599433725672487e-01 -6.764484641476178339e-01 3.700060888789254154e-02 1.584324821357150359e+00 6.764961114411534027e-01 7.363293435822493294e-01 1.311903139459911528e-02 1.754155148961778599e+00 -3.611898269254640303e-02 1.538093404390001966e-02 9.992291258551226907e-01 7.213272582104399699e-01
7.373631424694222503e-01 -6.745127665852612697e-01 3.644343344301242266e-02 1.586571111938753109e+00 6.746239297788467759e-01 7.380794976375487648e-01 1.100947486709593845e-02 1.752083754004898131e+00 -3.432418239906184082e-02 1.646763129901890679e-02 9.992750710500265532e-01 7.210185384751659488e-01
7.374853362269604418e-01 -6.744569555620270052e-01 3.497418968623953323e-02 1.589595254792982360e+00 6.745499132396908237e-01 7.381495286227306440e-01 1.084840736542234257e-02 1.758802613553078320e+00 -3.313296543523910204e-02 1.559129526506583888e-02 9.993293341603781688e-01 7.257565728893434764e-01
7.410668433042972847e-01 -6.705549721789242357e-01 3.429231752340873574e-02 1.598112944183805118e+00 6.705691189008310404e-01 7.417367357515722848e-01 1.279342069836258977e-02 1.748903898450457683e+00 -3.401456352163344243e-02 1.351458925474030223e-02 9.993299581948439370e-01 7.215166080208164079e-01
7.407567625473849837e-01 -6.709861820125786469e-01 3.251095643778780658e-02 1.604491572160992474e+00 6.709489094387544039e-01 7.413776729374952357e-01 1.366407672441096247e-02 1.754235835840842306e+00 -3.327130390085885486e-02 1.169143352917084017e-02 9.993779718999061812e-01 7.225677922543096710e-01
7.375449533210424180e-01 -6.746299902692814987e-01 3.003028571176972333e-02 1.618441947048175900e+00 6.745952400314748632e-01 7.380768115469448221e-01 1.280165550124939648e-02 1.758057742996924189e+00 -3.080103825422534497e-02 1.081649138884401180e-02 9.994670077378726702e-01 7.191591331175414270e-01
7.347883885042421070e-01 -6.776243047849798140e-01 3.018817125981404156e-02 1.633346822272273346e+00 6.776551601375241374e-01 7.353011252674184206e-01 1.075821172197162674e-02 1.759805925919335934e+00 -2.948742203593745018e-02 1.255216097495331050e-02 9.994863356727461401e-01 7.191520450030528533e-01
7.222723725846498244e-01 -6.908784618736379946e-01 3.177374261960465296e-02 1.648780055462529148e+00 6.912049191001669035e-01 7.226581650664116729e-01 9.676128247668933091e-04 1.760109366127748931e+00 -2.363005739884009235e-02 2.126328718620563996e-02 9.994946187976023744e-01 7.118199605187479628e-01
7.240569271791013062e-01 -6.887880380778433898e-01 3.622988828071345424e-02 1.676553505964380131e+00 6.893998785210683211e-01 7.243504884469149641e-01 -6.646606792339696673e-03 1.765706836342641806e+00 -2.166503402014142987e-02 2.978940226978495434e-02 9.993213786431845991e-01 7.125553487800173613e-01
7.235515331372930348e-01 -6.892297159785413241e-01 3.788901564849635889e-02 1.717291365681881787e+00 6.899637046764387494e-01 7.237757368667594449e-01 -9.938256997249343347e-03 1.794752310805337592e+00 -2.057340817261071181e-02 3.333288669045229857e-02 9.992325322671617993e-01 7.093329681079417748e-01
7.285882532906884368e-01 -6.838115766480836744e-01 3.950803473833525148e-02 1.762144631721991539e+00 6.845581772168216617e-01 7.289126221206658762e-01 -8.154220916681048995e-03 1.829773632212926326e+00 -2.322195453458185052e-02 3.298661782052469266e-02 9.991859806224047125e-01 6.994895017688812500e-01
7.315508661111649324e-01 -6.804964996188520576e-01 4.192665379557621030e-02 1.818873058745010818e+00 6.813420704579853382e-01 7.319109214736487790e-01 -8.909885050889904470e-03 1.877433409572419887e+00 -2.462343022468992115e-02 3.508442723038247835e-02 9.990809625099889013e-01 6.900048025305108856e-01
7.392154239135204641e-01 -6.722120213666765709e-01 4.112852268779959575e-02 1.873882246602883939e+00 6.729688970870705278e-01 7.396408895119811477e-01 -6.649670317935802571e-03 1.935648953210603151e+00 -2.595034877927617986e-02 3.259375541498711615e-02 9.991317363121751116e-01 6.821156014735006989e-01
7.449484895984346267e-01 -6.661647177040680434e-01 3.572557531055810948e-02 1.938804268791280316e+00 6.665310745986167129e-01 7.454741127929711553e-01 2.161885738375994570e-03 2.006820762444563311e+00 -2.807266356127047918e-02 2.220171258691251356e-02 9.993592995108334653e-01 6.902973241053724784e-01
7.598201273216780294e-01 -6.494069883248715369e-01 3.072356801690113298e-02 2.000757576673445559e+00 6.493846172138001416e-01 7.603645046121172424e-01 1.205981144362141926e-02 2.079248915871049874e+00 -3.119283640445572742e-02 1.078812498952964362e-02 9.994551632345770598e-01 6.987863267594673911e-01
7.631098738859517505e-01 -6.455712827257066300e-01 3.001731662978298493e-02 2.085244405729667516e+00 6.449956806713411650e-01 7.636986081860159814e-01 2.729483046394214074e-02 2.150462754049284442e+00 -4.054494164603204137e-02 -1.467915061523279718e-03 9.991766375032454794e-01 7.110675298257185251e-01
7.575897048307544956e-01 -6.520176631602897510e-01 3.050911439955678386e-02 2.154877357085927425e+00 6.513125891133538792e-01 7.581969212547731152e-01 3.048507605768653247e-02 2.232711859610698735e+00 -4.300872466035009223e-02 -3.224209481155006912e-03 9.990694941175572996e-01 6.975790035103944797e-01
7.579566704211080364e-01 -6.517640925519211370e-01 2.655660791815383365e-02 2.256623104295869098e+00 6.511865032072549075e-01 7.584128006850096027e-01 2.767962784843184046e-02 2.290848212365962588e+00 -3.818145891470881709e-02 -3.686653915224085559e-03 9.992640215568925344e-01 6.948295229926105820e-01
7.445148962109221502e-01 -6.671103153760571391e-01 2.571762895170191104e-02 2.341912541254706159e+00 6.668866281419352227e-01 7.449484351955326655e-01 1.772157174765994631e-02 2.358011106731221052e+00 -3.098055076205051550e-02 3.956768705002449912e-03 9.995121557319326389e-01 6.794792666938310743e-01
7.277269162468491537e-01 -6.855093579709624629e-01 2.214623001980605202e-02 2.441171625789734900e+00 6.855025305773684297e-01 7.280134513546685504e-01 9.093691147585472589e-03 2.408556861487926248e+00 -2.235656373138091360e-02 8.563572905191888657e-03 9.997133835641204280e-01 6.975010085644939295e-01
7.134964314378469119e-01 -7.003237882691093485e-01 2.166642355954202098e-02 2.533608542385946460e+00 7.003554094123145557e-01 7.137563517153004966e-01 7.360087837347605716e-03 2.472214703156342175e+00 -2.061899203082181997e-02 9.922800535527055710e-03 9.997381633193588302e-01 6.959418288023438981e-01
7.106747352117126493e-01 -7.031456851845191425e-01 2.296880793935844947e-02 2.616489070701657926e+00 7.031213399775441131e-01 7.109925942430630474e-01 1.048390193114890484e-02 2.525734537729284579e+00 -2.370236275026012598e-02 8.699214787103757424e-03 9.996812100175449523e-01 7.084201462048023146e-01
7.129065499035347475e-01 -7.009319438236850663e-01 2.141637766264967851e-02 2.707737679002260478e+00 7.008796924749315371e-01 7.131929393151514862e-01 1.111251489358048260e-02 2.598329033705114366e+00 -2.306312599983549594e-02 7.088119536590794731e-03 9.997088830157261352e-01 7.011247671298757034e-01
7.138320918096563439e-01 -7.000131639652312776e-01 2.062316605268057004e-02 2.793130606870667609e+00 7.001004261659232730e-01 7.140340879669422325e-01 3.835948840858666165e-03 2.673904925339387617e+00 -1.741085824831481096e-02 1.170006395722730103e-02 9.997799610506573620e-01 6.867796345222100252e-01
7.236171839664189420e-01 -6.899306969606157081e-01 1.933402337717036665e-02 2.872483906630441286e+00 6.901574250574328273e-01 7.236037095051244261e-01 -8.966617451269962014e-03 2.739136494066891192e+00 -7.803826407845365805e-03 1.983191825978022904e-02 9.997728718621713417e-01 6.858550363358205670e-01
7.299118900536145649e-01 -6.831756958646393318e-01 2.235176364911265617e-02 2.964455994092504376e+00 6.835325104003608931e-01 7.296775259987153817e-01 -1.881529373075865180e-02 2.817488606425316622e+00 -3.455428213783912419e-03 2.901166372788548109e-02 9.995731005702381822e-01 6.837256039543360142e-01
7.439756695424581956e-01 -6.677161982508672544e-01 2.559847109222640124e-02 3.039258397810010504e+00 6.681952650667595250e-01 7.436409975174360643e-01 -2.265291490372934452e-02 2.881942907547502486e+00 -3.910354359125924745e-03 3.395799470936437109e-02 9.994156111068631665e-01 7.042430297581336873e-01
7.450215919424408861e-01 -6.662888188502837927e-01 3.165497456395892362e-02 3.127520882523569412e+00 6.669227238563733007e-01 7.449421436416235887e-01 -1.659165545141033649e-02 2.954824539557126428e+00 -1.252629009510556300e-02 3.347256341716990657e-02 9.993611357035737663e-01 7.034202653189587373e-01
7.537607995320824150e-01 -6.565046600375210595e-01 2.909103706942757495e-02 3.213548590689033979e+00 6.570374580539659615e-01 7.537093626789831413e-01 -1.496580515789150065e-02 3.016191117391018306e+00 -1.210106618189959321e-02 3.039453830970404932e-02 9.994647248593625521e-01 6.958482626750913669e-01
7.503620848240276642e-01 -6.607473387273163912e-01 1.922748094025111473e-02 3.307160692837257443e+00 6.610009303017800875e-01 7.502734718181369722e-01 -1.294170105280972871e-02 3.080703610576773332e+00 -5.874674350110724134e-03 2.242034457202135567e-02 9.997313720948002302e-01 6.952341190135131743e-01
7.416831637937466581e-01 -6.707130012113159401e-01 7.081987786457407535e-03 3.391029166174595488e+00 6.707187473518382292e-01 7.415042816343287990e-01 -1.754315446944937698e-02 3.135933823795235664e+00 6.515097518777913932e-03 1.776148428671735571e-02 9.998210255742041586e-01 6.840229242383656372e-01
7.273084801193958615e-01 -6.862923945700861728e-01 -5.012374853448070891e-03 3.473087598160845779e+00 6.862174804684905149e-01 7.273106674345055644e-01 -1.116971510159374750e-02 3.197837261457647351e+00 1.131124422383167523e-02 4.684249270810056376e-03 9.999250539729853671e-01 6.928254568328015006e-01
7.239222930698279157e-01 -6.898570843923828022e-01 -5.806609179489143069e-03 3.558601140995832246e+00 6.898649332259894074e-01 7.239376118856711839e-01 -8.414287685791805183e-04 3.253320143577288270e+00 4.784088379568693025e-03 -3.396647010272932712e-03 9.999827874955968809e-01 6.926241682308232894e-01
7.156693607586455119e-01 -6.984371308652728150e-01 -1.714730298723664975e-03 3.642917016056255175e+00 6.983874163850920525e-01 7.155842004954531266e-01 1.393802842009262896e-02 3.327034482828327366e+00 -8.507802669770624451e-03 -1.117256595276638204e-02 9.999013906699816268e-01 6.957397556633999613e-01
7.198840544044390333e-01 -6.940839149617141768e-01 3.803578005861509362e-03 3.727501057035248699e+00 6.939635476833723171e-01 7.198439751681053878e-01 1.546757579221339461e-02 3.391441934608542930e+00 -1.347377827242783425e-02 -8.495316686268431991e-03 9.998731353994192439e-01 6.845069718005439841e-01
7.191186747670477164e-01 -6.948611622999611992e-01 6.024676624700655431e-03 3.813275707630550126e+00 6.947921220703872081e-01 7.191366519645041588e-01 1.031420914136779721e-02 3.470169194606228746e+00 -1.149950912923174834e-02 -3.231242552146952780e-03 9.999286576358115131e-01 6.767348537999988700e-01
7.255363093504556549e-01 -6.881491976389818577e-01 6.909819313516254828e-03 3.899484499962950768e+00 6.881742863170060565e-01 7.255426530561167597e-01 -2.002560453685095151e-03 3.533776210418463126e+00 -3.635308267440024409e-03 6.208090295476371978e-03 9.999741217394997328e-01 6.695067699331156419e-01
7.284166696959604170e-01 -6.850465939080023769e-01 1.096902384402149641e-02 3.975073992286639157e+00 6.851338329654739212e-01 7.283019793328742164e-01 -1.295599574929311680e-02 3.613271528063753735e+00 8.866989817894578921e-04 1.695261262643923267e-02 9.998559009627605576e-01 6.746398138289502189e-01
7.423262136270513123e-01 -6.699709389583197172e-01 9.525414081962481350e-03 4.060017828295499065e+00 6.700274401209347364e-01 7.421565459241457052e-01 -1.633679365507613793e-02 3.664901781862709207e+00 3.875828571093187062e-03 1.850951899020833111e-02 9.998211718400639159e-01 6.861339793075088567e-01
7.333680607126782380e-01 -6.797879922146795595e-01 7.718365582179637432e-03 4.132859075989614439e+00 6.798003733218022093e-01 7.331777068684934839e-01 -1.794164380974416426e-02 3.736993609755721479e+00 6.537580444141748853e-03 1.840477633094957446e-02 9.998092439311331292e-01 6.962610531411521642e-01
7.411814160296581466e-01 -6.712968494570322742e-01 3.263194957898379184e-03 4.211717097370973661e+00 6.711140668592346925e-01 7.408462350498137283e-01 -2.743656822882432206e-02 3.788615143786411288e+00 1.600055611313012938e-02 2.252545052998407293e-02 9.996182202633622227e-01 6.904967531185074447e-01
7.345978223790394779e-01 -6.784756369632114481e-01 -6.070370939052468877e-03 4.296573175440967951e+00 6.782065845590021791e-01 7.345120722619937759e-01 -2.297486370372400083e-02 3.852722040442121632e+00 2.004664602336952289e-02 1.276031930462988816e-02 9.997176132460894316e-01 6.877766684739868852e-01
7.293931468227254911e-01 -6.839920406696148314e-01 -1.185435230866979488e-02 4.381499375999927004e+00 6.836719893691113326e-01 7.294420530348377785e-01 -2.251448903268126606e-02 3.903973218537289736e+00 2.404679438353168192e-02 8.317425379102532171e-03 9.996762336451433528e-01 6.809241629296594045e-01
7.239140388035532059e-01 -6.897209616996775594e-01 -1.527937875698861560e-02 4.470454905443266291e+00 6.896309072745010482e-01 7.240716189318763263e-01 -1.137991164816664486e-02 3.963776853677379197e+00 1.891232811887692822e-02 -2.299054032320884712e-03 9.998185026271920739e-01 6.866452324807743590e-01
7.232048154866818068e-01 -6.905772605712927614e-01 -8.822813537826235467e-03 4.557954705381773053e+00 6.905918792603944478e-01 7.232425437531679879e-01 -1.754766378693851285e-03 4.021397631384405535e+00 7.592835864898341350e-03 -4.823907886325949808e-03 9.999595385595524411e-01 6.888667980183932338e-01
7.321667746851681091e-01 -6.811142849193660975e-01 3.891648223915442767e-03 4.645224970184462343e+00 6.810838960092484573e-01 7.321732830463633102e-01 6.856397740300427049e-03 4.079825310288855533e+00 -7.519351300573202251e-03 -2.369487685232637541e-03 9.999689219591417766e-01 6.903421553144181155e-01
7.506266890674134773e-01 -6.605685437818741290e-01 1.444896624630219104e-02 4.735403903685487137e+00 6.605615006793302824e-01 7.507484863701410216e-01 5.934141320634972114e-03 4.141913163853891078e+00 -1.476744662979231903e-02 5.090105974956005835e-03 9.998779992285058427e-01 6.838353468347213582e-01
7.785522256628467641e-01 -6.273066646180540662e-01 1.851433069813756757e-02 4.824013821119961243e+00 6.274642527076865761e-01 7.786361842360945973e-01 -3.782085699599019475e-03 4.198819845136875450e+00 -1.204340024296792627e-02 1.456163191496031087e-02 9.998214417517564678e-01 6.728167115118799391e-01
8.113174186077348748e-01 -5.841978043849895830e-01 2.183967983828683651e-02 4.908421383303920749e+00 5.845738911432090124e-01 8.110975642179028000e-01 -1.985213120731606912e-02 4.254854316932640046e+00 -6.116539656456514845e-03 2.887328646937095677e-02 9.995643657469430732e-01 6.705212866318321918e-01
8.488930987604184075e-01 -5.275307963096556030e-01 3.304187981691233261e-02 4.996015510829131756e+00 5.283102286151948324e-01 8.487641909662577699e-01 -2.208280946696732083e-02 4.298889693148985280e+00 -1.639540232794224617e-02 3.620230763769854282e-02 9.992099797861360155e-01 6.755389763912700296e-01
8.754653647759067514e-01 -4.813317545571076383e-01 4.336054811421029276e-02 5.080656907364430985e+00 4.823721211142886212e-01 8.757945344739345161e-01 -1.735137335447467163e-02 4.344527544893414195e+00 -2.962316406953470482e-02 3.610644596966790243e-02 9.989088009973426940e-01 6.860128391455490027e-01
9.027653852236374732e-01 -4.267747112664089792e-01 5.364704153530400893e-02 5.165234782427384097e+00 4.279815254832241012e-01 9.036952622870206842e-01 -1.291072287074804953e-02 4.379108877870558914e+00 -4.297060724576513141e-02 3.461529637986778679e-02 9.984764935487785431e-01 6.883417837447343146e-01
9.242932093206891464e-01 -3.780012541075033483e-01 5.288775942328675234e-02 5.253573276184531515e+00 3.790144942450867638e-01 9.253337339877704126e-01 -1.027102216876709176e-02 4.407089164269605952e+00 -4.505636864863688668e-02 2.953866343294652905e-02 9.985476408298170625e-01 6.794042927296902734e-01
9.395759603761798529e-01 -3.389816137549609421e-01 4.783806245304810661e-02 5.340035851603025741e+00 3.399835191784610355e-01 9.403211775682666085e-01 -1.439755894787157764e-02 4.427626702488605126e+00 -4.010263545215279196e-02 2.979175309898540042e-02 9.987513354569699242e-01 6.716330279472144671e-01
9.540665583078828949e-01 -2.972739450463596778e-01 3.721832767770640038e-02 5.424949919434959966e+00 2.981689134740683200e-01 9.542761549210770911e-01 -2.126779694133693055e-02 4.440106518968197413e+00 -2.919420072967823798e-02 3.138824215559580383e-02 9.990808159994550852e-01 6.691667937312949510e-01
9.676226820392497263e-01 -2.501757556773226976e-01 3.344303327225903177e-02 5.510400987533460082e+00 2.509693562178432757e-01 9.677437200910632420e-01 -2.205616611995497856e-02 4.447255671775121932e+00 -2.684636740362086188e-02 2.973522314680483031e-02 9.991972223048057877e-01 6.752182747950463693e-01
9.780074669261745735e-01 -2.057247364896363784e-01 3.433260014792249154e-02 5.599125538027718285e+00 2.064979360346740622e-01 9.782279545704692936e-01 -2.070437901255330060e-02 4.454315882636079138e+00 -2.932570630124892858e-02 2.733864834159644569e-02 9.991959774022248775e-01 6.802963443336563776e-01
9.898226659123285920e-01 -1.359548286020485774e-01 4.204015492357700279e-02 5.684621976298753765e+00 1.369564582368193728e-01 9.903343242903241972e-01 -2.192839893045669258e-02 4.455186395518928144e+00 -3.865253670119359053e-02 2.746289701059398403e-02 9.988752528190636415e-01 6.787399933933927487e-01
9.969632919275678296e-01 -6.863666812407587248e-02 3.678589862668212723e-02 5.777493894837896882e+00 6.970848378852664839e-02 9.971547315630202579e-01 -2.869091510192200989e-02 4.456672356865674978e+00 -3.471198405236703560e-02 3.116807838649099383e-02 9.989112218074446270e-01 6.651865608626060800e-01
9.994811291235091710e-01 1.608789544494456519e-02 2.790433919926527812e-02 5.859835954553964221e+00 -1.483524261068688843e-02 9.988978284059947255e-01 -4.453138199595894214e-02 4.451097651098527841e+00 -2.859000004682023255e-02 4.409430831683935209e-02 9.986181972462661038e-01 6.596701997142482288e-01
9.925043358732242860e-01 1.219826702798034873e-01 7.441197770437450905e-03 5.939267070140491711e+00 -1.214010089960990829e-01 9.911015163348887436e-01 -5.458552311202351931e-02 4.447093189872347807e+00 -1.403347026145291068e-02 5.327299944712080709e-02 9.984813715049108973e-01 6.595107393382995120e-01
9.717417557097290937e-01 2.360444014202297824e-01 1.000384095577899757e-03 6.017667919629002604e+00 -2.355990342690316430e-01 9.701516956754906440e-01 -5.743502789648337326e-02 4.443800668317886782e+00 -1.452774110703130596e-02 5.557632532054976315e-02 9.983487450796898477e-01 6.715388241276284420e-01
9.452294338711541011e-01 3.263962862337952964e-01 2.604165202871821204e-03 6.099449498066461750e+00 -3.259142435215083844e-01 9.442114618241367330e-01 -4.737743376049081967e-02 4.438082561537952664e+00 -1.792270106374699301e-02 4.393381035959784131e-02 9.988736642308007063e-01 6.838849478683008964e-01
9.162891732478056772e-01 4.004435265286619972e-01 7.689801697154198534e-03 6.165716610714741641e+00 -3.997868276815842448e-01 9.156084011459997285e-01 -4.279892712628946549e-02 4.423854183742178314e+00 -2.417940034715571757e-02 3.614191212643512452e-02 9.990541120413333198e-01 6.783761694942750387e-01
8.830615318547142545e-01 4.692186885540186037e-01 6.012758938484021390e-03 6.230000490914917144e+00 -4.686723004895062550e-01 8.825279859582855213e-01 -3.860866164847070320e-02 4.401042917541053257e+00 -2.342233362155424214e-02 3.127581033417075468e-02 9.992363173822604860e-01 6.768020530816548641e-01
8.590759586009935056e-01 5.118191804848820636e-01 5.442778846126115899e-03 6.302086064523351183e+00 -5.113608045960275073e-01 8.586734356798424450e-01 -3.449722279660844687e-02 4.374441647026512392e+00 -2.232990991221320623e-02 2.685251097307515822e-02 9.993899728222979117e-01 6.709385143769672766e-01
8.287537127822783845e-01 5.596104070419413157e-01 1.864371191986711335e-03 6.356435951936571627e+00 -5.592986379833236876e-01 8.283945494728901515e-01 -3.078155216369735450e-02 4.336459302389820358e+00 -1.877011186934549394e-02 2.446758537249204765e-02 9.995243969841116627e-01 6.570557669661901690e-01
8.069889561491063734e-01 5.905619945901908752e-01 -2.314130296914771595e-03 6.419830425681142927e+00 -5.903173111483440705e-01 8.065283898058648315e-01 -3.220913838878763924e-02 4.297599483976606294e+00 -1.715508122874227423e-02 2.735849014135149221e-02 9.994784721069387423e-01 6.506104077382003359e-01
7.960644208119712628e-01 6.052078183029609981e-01 -2.221391966970732296e-03 6.485764239784488794e+00 -6.048036421143858643e-01 7.953872733208630086e-01 -3.964391409001623290e-02 4.261544182526693092e+00 -2.222593985582302020e-02 3.290261546097585088e-02 9.992114018031181821e-01 6.578355224277578905e-01
7.723581291469603372e-01 6.351358325177528519e-01 8.086692314439206802e-03 6.526045884176303602e+00 -6.343289604703300499e-01 7.719135391054706696e-01 -4.214567657894906921e-02 4.222514679585668063e+00 -3.301045666509054566e-02 2.742193278468833470e-02 9.990787493251541695e-01 6.642525893888279187e-01
7.517631729162812526e-01 6.593404127199089526e-01 1.106128388504701646e-02 6.596212534699049890e+00 -6.586180240302976774e-01 7.515620189253359174e-01 -3.710566171488172138e-02 4.194147374781485915e+00 -3.277850315788766178e-02 2.060950904832981739e-02 9.992501277795841075e-01 6.659143200735190282e-01
7.301486303193919225e-01 6.832009486123898911e-01 1.092892757074840140e-02 6.650222962037110719e+00 -6.826053613120363073e-01 7.300404548266195004e-01 -3.302809447435685331e-02 4.167750496556441142e+00 -3.054338473025658071e-02 1.665527338932734983e-02 9.993946685456883694e-01 6.544546775847944753e-01
7.034361837840918952e-01 7.107382877272290234e-01 5.349925405074311066e-03 6.702861510423276492e+00 -7.103360530542683904e-01 7.032577044941499267e-01 -2.917692240286359068e-02 4.139867615409106527e+00 -2.449953212934899427e-02 1.672385805325969643e-02 9.995599459248342145e-01 6.523195498930025593e-01
6.705892322212182455e-01 7.417843625724833689e-01 8.126565811675446130e-03 6.753918194821441290e+00 -7.413074615796497735e-01 6.704883390320401926e-01 -3.014356694872062301e-02 4.112904007580493015e+00 -2.780879420782254169e-02 1.418966754333835997e-02 9.995125433428619921e-01 6.524722448900850402e-01
6.395569229175981363e-01 7.686289350579879054e-01 1.328542584175535987e-02 6.805513494165385424e+00 -7.683165441954208363e-01 6.396821197996750419e-01 -2.228168584735058105e-02 4.094719633762489153e+00 -2.562479782904117029e-02 4.042993967046114995e-03 9.996634553368464182e-01 6.563449236998563086e-01
6.535252309420941375e-01 7.562451126716051020e-01 3.159275363740574744e-02 6.860671422093870930e+00 -7.559653097624735585e-01 6.542242095162706939e-01 -2.251963850815904417e-02 4.072118397338179818e+00 -3.769911083580061023e-02 -9.165873832973833735e-03 9.992470984691764757e-01 6.550815600428228080e-01
6.451823667801439566e-01 7.638196551238864984e-01 1.786751360427475677e-02 6.846837310143821576e+00 -7.624040502069622249e-01 6.451586706447447472e-01 -5.010343221702075189e-02 4.034734750937659875e+00 -4.979736764118861125e-02 1.870358624255889432e-02 9.985841967694438770e-01 6.619200775993654418e-01
5.799109689700858716e-01 8.145927831394195184e-01 1.191073991618682090e-02 6.878719361962605028e+00 -8.143557133668477555e-01 5.800306597964142163e-01 -1.972829954428554147e-02 3.991961434593893632e+00 -2.297912476463702738e-02 1.741078203685426234e-03 9.997344289718844701e-01 6.624490440766652721e-01
6.160785284619141322e-01 7.876785477049345063e-01 -3.122859850790695238e-03 6.949375002744050178e+00 -7.871134949532291314e-01 6.154759358228464317e-01 -4.051812539474791697e-02 3.986420186891422190e+00 -2.999321307755246913e-02 2.742039220063659244e-02 9.991739234291734384e-01 6.703699702816978689e-01
5.854884151953958504e-01 8.105990315344503427e-01 1.151198277426057452e-02 6.894332480156088572e+00 -8.098903586452531611e-01 5.854855055609913261e-01 -3.583754667180307635e-02 3.917105797784882437e+00 -3.578997967933161134e-02 1.165902454760114719e-02 9.992913211377107974e-01 6.583212149629669163e-01
5.934389138509172934e-01 8.043920010467051629e-01 2.799578860330607238e-02 6.953826416539430788e+00 -8.036866272110931853e-01 5.940938117492544635e-01 -3.376904030763377279e-02 3.897282756619808275e+00 -4.379567067074881942e-02 -2.459978316755782879e-03 9.990374806468376168e-01 6.596400773327008027e-01
5.883156291328347498e-01 8.071617107133097768e-01 4.873082470469801419e-02 6.968238566066585982e+00 -8.060084594472165520e-01 5.901914528790814796e-01 -4.499346894832303295e-02 3.877802987185242856e+00 -6.507752159971615102e-02 -1.280709595662467976e-02 9.977980228861932366e-01 6.585418699473373216e-01
5.957507082659664333e-01 8.009972180556131915e-01 5.903007934746297425e-02 7.000456876488943436e+00 -8.001792259513590411e-01 5.982636172828120769e-01 -4.235387339510782168e-02 3.851275606974222221e+00 -6.924088356226563989e-02 -2.200229312715767591e-02 9.973573076589269393e-01 6.690748626288265388e-01
5.600295257624654521e-01 8.266690499034016204e-01 5.463709551280233195e-02 6.999548927612563531e+00 -8.262698919834324807e-01 5.621305133293941214e-01 -3.587968207382318669e-02 3.833409359041854536e+00 -6.037380123824224315e-02 -2.505130567134044098e-02 9.978614313662024227e-01 6.642473616350996757e-01
5.373494913641317927e-01 8.425699070320621376e-01 3.648939427684569359e-02 7.035143345560533668e+00 -8.418306232907767361e-01 5.384771774867479488e-01 -3.692602084936413842e-02 3.831675502831840330e+00 -5.076145999250969432e-02 -1.087571100607276700e-02 9.986515874365500256e-01 6.661566154563396402e-01
5.215890271401417699e-01 8.525240866977132903e-01 3.387577847415779858e-02 7.048553842808773950e+00 -8.515805657877733026e-01 5.226332007862322104e-01 -4.080536004636781122e-02 3.825344346279683005e+00 -5.249215883897551810e-02 -7.564326550836372731e-03 9.985926868469726658e-01 6.687936624908370487e-01
4.807237384635631994e-01 8.759512560434873363e-01 4.017566817680220254e-02 7.053965901291719298e+00 -8.757121115314828730e-01 4.819395405079764938e-01 -2.936966142181775263e-02 3.803287144246645379e+00 -4.508863487274220733e-02 -2.106362577519034496e-02 9.987609016549032770e-01 6.773409905815438448e-01
4.408830694356979940e-01 8.962131159347056508e-01 4.923586001649055133e-02 7.076142156087157353e+00 -8.965079416701001724e-01 4.423619132405439691e-01 -2.427855507656540013e-02 3.793435200953630737e+00 -4.353882873249939611e-02 -3.343633563612132681e-02 9.984920539753087132e-01 6.753916873499399287e-01
4.608444122797925591e-01 8.861290284074878620e-01 4.896705713123800097e-02 7.114961744231405483e+00 -8.861798236694435893e-01 4.624544129179953833e-01 -2.865721713401260876e-02 3.801403893283715973e+00 -4.803902363377361706e-02 -3.018709966647362478e-02 9.983891982699132361e-01 6.713004280451854155e-01
4.551091021562436723e-01 8.890324997777439009e-01 4.996918523924100131e-02 7.095895031453325785e+00 -8.887986938271186244e-01 4.569577981782059206e-01 -3.502074435722115492e-02 3.773179602932135168e+00 -5.396838876366011339e-02 -2.847428705098448837e-02 9.981365778244941644e-01 6.740322545789232400e-01
4.312006461251189915e-01 9.005949730589212221e-01 5.472382737236869410e-02 7.101782572295920914e+00 -9.007057460593460574e-01 4.332212583918693127e-01 -3.238055424235381646e-02 3.754036969456235884e+00 -5.286928973380256025e-02 -3.532754984945977311e-02 9.979763536400435564e-01 6.752326742793275383e-01
4.334749675910912758e-01 8.986229604723077191e-01 6.764781876666567384e-02 7.131807559663147167e+00 -8.983305266319534521e-01 4.368418482825331406e-01 -4.659897542068176801e-02 3.747535943578092610e+00 -7.142630742982142289e-02 -4.057061129790363874e-02 9.966204433513567995e-01 6.675836861106221320e-01
4.178132317943169527e-01 9.060336004491265083e-01 6.734402864977022396e-02 7.120414882672287504e+00 -9.053028593141398961e-01 4.214273607554128720e-01 -5.315743150651644489e-02 3.721150502540691463e+00 -7.654303531498650448e-02 -3.875686344274764661e-02 9.963127366850476063e-01 6.675695711470197580e-01
3.893071926533436811e-01 9.179593169261281993e-01 7.609600657648674105e-02 7.129388109070013080e+00 -9.163111672842625399e-01 3.943761378435503007e-01 -6.957949848739401755e-02 3.693251135422725095e+00 -9.388159808250301497e-02 -4.263982138941654898e-02 9.946698402853854093e-01 6.596550398514806623e-01
4.043683315927374400e-01 9.112629413517213672e-01 7.801348680782757561e-02 7.155467926257251143e+00 -9.082869222232773376e-01 4.101171084121361110e-01 -8.257617274876644098e-02 3.694647686608986792e+00 -1.072432716913833406e-01 -3.746744062085560767e-02 9.935265832227393457e-01 6.525330759923526625e-01
3.885639279369108579e-01 9.174882115189395559e-01 8.504972445585501362e-02 7.138167908992878452e+00 -9.134690302768873060e-01 3.956667384079668448e-01 -9.498506641890949731e-02 3.669494288447159747e+00 -1.207990257876374041e-01 -4.078251882092650410e-02 9.918388888964670969e-01 6.524878861097979099e-01
3.762080226773006908e-01 9.226384056167421521e-01 8.488755005436177115e-02 7.147359767587000867e+00 -9.192040274196165983e-01 3.831640604610557777e-01 -9.082543006533702612e-02 3.663146341346458446e+00 -1.163248883463578187e-01 -4.385972243405770327e-02 9.922423318419824056e-01 6.496584376878143940e-01
3.676287770810751088e-01 9.255172140497355260e-01 9.092287258709751130e-02 7.153547523405215713e+00 -9.232035962935351003e-01 3.749792701437562048e-01 -8.417640259086620058e-02 3.666183272303531915e+00 -1.120009020167109931e-01 -5.299465501418289953e-02 9.922939909559922445e-01 6.484944807909035491e-01
3.588191748244171642e-01 9.284897895979925542e-01 9.568443128639020356e-02 7.156514288903824017e+00 -9.277260949295985659e-01 3.660492548868031770e-01 -7.302215953731808207e-02 3.665421542716822856e+00 -1.028255443214461662e-01 -6.256719275380487333e-02 9.927296982693257776e-01 6.498432315909170587e-01
3.684463266778768009e-01 9.241957569416437979e-01 1.005460452163148832e-01 7.171052082915513992e+00 -9.234185175333265994e-01 3.763308976054193788e-01 -7.532129170462195655e-02 3.670103053331567278e+00 -1.074502016477063282e-01 -6.509422676828752197e-02 9.920772126237483723e-01 6.468290811906884930e-01
3.691891561673625866e-01 9.242368235057233372e-01 9.739435838117734001e-02 7.163598719940283743e+00 -9.231467235376870084e-01 3.767961853932126903e-01 -7.632012509657709609e-02 3.663366026929334662e+00 -1.072356927056669490e-01 -6.173272024764625554e-02 9.923152611245892318e-01 6.461302372152863960e-01
3.544897549826399041e-01 9.299197490574104830e-01 9.790951907424938483e-02 7.163273029220514232e+00 -9.286677909606559922e-01 3.623535716954296992e-01 -7.922135515011434481e-02 3.651169971630776168e+00 -1.091473666407183907e-01 -6.284225801614663764e-02 9.920371479752301269e-01 6.457656239865536829e-01
3.510058840260299462e-01 9.314220434302511453e-01 9.616572357820857286e-02 7.173531029926690117e+00 -9.299648690633330883e-01 3.587551298811013645e-01 -8.037474162951782630e-02 3.648121614957791525e+00 -1.093627527411542844e-01 -6.121873729675676029e-02 9.921149401741049534e-01 6.426717309683629420e-01
3.446311445610865665e-01 9.341376651239937656e-01 9.282347114393330045e-02 7.176976963140021759e+00 -9.308977205918381737e-01 3.528310685697294558e-01 -9.454983262207766748e-02 3.635700391002954390e+00 -1.210735643955175023e-01 -5.382434067070399064e-02 9.911831981808048031e-01 6.376450703328356839e-01
3.543137393810129598e-01 9.303602830491553011e-01 9.429484508995886194e-02 7.186531944978605146e+00 -9.255105009223929535e-01 3.633066255670334144e-01 -1.069514305723711645e-01 3.624463093037662897e+00 -1.337613051978224221e-01 -4.937650801536164202e-02 9.897827406496760849e-01 6.364090445072360103e-01
3.629762699496468237e-01 9.264741778559852925e-01 9.946770943133763365e-02 7.186399693384740495e+00 -9.199330841678694526e-01 3.732877442022567438e-01 -1.199140553971136669e-01 3.614049283151838932e+00 -1.482273527620075471e-01 -4.797768016970430094e-02 9.877888408454009728e-01 6.295133498977409925e-01
3.708188163452479369e-01 9.228509082518119300e-01 1.041134313290796309e-01 7.192351998507285238e+00 -9.168190672100544614e-01 3.816437355530482023e-01 -1.174344800865600585e-01 3.605711540408439664e+00 -1.481087554616369872e-01 -5.190626409134706243e-02 9.876079871607379435e-01 6.274365871779603587e-01
3.995612809966007095e-01 9.110578120337965435e-01 1.016092803859320187e-01 7.207341589731564468e+00 -9.041398693587999746e-01 4.099458104696860339e-01 -1.203142930586564574e-01 3.612533928077696910e+00 -1.512675753894650033e-01 -4.379606843706105451e-02 9.875221643210084776e-01 6.202993690994533793e-01
4.113560610920259375e-01 9.063445232248097394e-01 9.657016217883006293e-02 7.199347550705860854e+00 -9.010545185944487390e-01 4.203392624548775158e-01 -1.068440871523338720e-01 3.615271985870943006e+00 -1.374297839748694072e-01 -4.306401815067639749e-02 9.895749313808120950e-01 6.209969723360833083e-01
4.042958697472669449e-01 9.099973240638412619e-01 9.192235800907894161e-02 7.204846789130604279e+00 -9.059651717782128966e-01 4.122387246127303673e-01 -9.636566533025524295e-02 3.612409197856861542e+00 -1.255864532112214715e-01 -4.431821438548398662e-02 9.910922957240198006e-01 6.225162949912024235e-01
4.220536794061707786e-01 9.016417809097396763e-01 9.440757711977372513e-02 7.224274336301146349e+00 -8.974189853327456667e-01 4.302810934531841047e-01 -9.745432458889299876e-02 3.620688581052479371e+00 -1.284906862930473848e-01 -4.359219579976472692e-02 9.907521708284552364e-01 6.236629766133023889e-01
4.258959210564338127e-01 8.998497632684918646e-01 9.425002903517300246e-02 7.215836446887271549e+00 -8.945687750129991400e-01 4.344022792719892667e-01 -1.050779069787871611e-01 3.608397923994066669e+00 -1.354967571539405780e-01 -3.956088104352148416e-02 9.899876592623901850e-01 6.231011627796878560e-01
4.307393834408020927e-01 8.983350595360480861e-01 8.635800114293150365e-02 7.218478755388065160e+00 -8.919947653279224342e-01 4.383246568649449282e-01 -1.105297869889055873e-01 3.600124890884046636e+00 -1.371456239937031973e-01 -2.942135266423326345e-02 9.901138630616099778e-01 6.217283702019108516e-01
4.279606135653883925e-01 9.000268341810312434e-01 8.247066745702329171e-02 7.215902722092749855e+00 -8.925185607060878157e-01 4.352275956583160355e-01 -1.182690101954645689e-01 3.593491804680104984e+00 -1.423387931376048632e-01 -2.299212325019062836e-02 9.895509235186323860e-01 6.189736055775760803e-01
4.054003553292571116e-01 9.101767806015118589e-01 8.502223210889719995e-02 7.209622773222563730e+00 -9.039505614900454900e-01 4.129918233394849203e-01 -1.109555597370358027e-01 3.582663869088907216e+00 -1.361026608143403593e-01 -3.187447111082369888e-02 9.901818438098437536e-01 6.223236695523556294e-01
3.853738094208452036e-01 9.181082342131102747e-01 9.254348860157890488e-02 7.223059970805136842e+00 -9.135557255868945736e-01 3.937362469829365219e-01 -1.019200866325901123e-01 3.578671570503203281e+00 -1.300113966537883858e-01 -4.526630183565408250e-02 9.904786714807415349e-01 6.189950324380841806e-01
4.026774350745512265e-01 9.106743953862417307e-01 9.232025167688612255e-02 7.242945205224660121e+00 -9.062358575513105308e-01 4.108297898971163820e-01 -9.977702251185863180e-02 3.589202479186452965e+00 -1.287922892490903359e-01 -4.348596694330473383e-02 9.907176777008597224e-01 6.178598992875969920e-01
4.014467781817825376e-01 9.107556908353503511e-01 9.677063551765260896e-02 7.231101794698285623e+00 -9.058808668422636545e-01 4.104123226164471117e-01 -1.046020101799301355e-01 3.580252786894631445e+00 -1.349827373280580722e-01 -4.567052720953694578e-02 9.897948593359269243e-01 6.198779518375081565e-01
4.255976616191758932e-01 8.988447655582935125e-01 1.046170055619341788e-01 7.252766447838604691e+00 -8.931869360361847088e-01 4.358169195119894201e-01 -1.108183647297356911e-01 3.582174280674168543e+00 -1.452023681576235514e-01 -4.627850576170800673e-02 9.883190639595502702e-01 6.149954841328606481e-01
