102 3177
0.999873 0.012663 -0.009695 -2.970019
-0.012661 0.999920 0.000263 -0.158892
0.009697 -0.000140 0.999953 0.078967
0.000000 0.000000 0.000000 1.000000
142 3208
0.999983 -0.005306 -0.002597 0.163948
0.005303 0.999985 -0.001076 0.033594
0.002603 0.001063 0.999996 0.046897
0.000000 0.000000 0.000000 1.000000
171 3239
1.000000 -0.000443 0.000350 -0.062136
0.000443 1.000000 -0.000247 -0.049091
-0.000350 0.000248 1.000000 0.058595
0.000000 0.000000 0.000000 1.000000
201 3270
0.999999 0.001222 -0.000374 -0.228230
-0.001222 0.999998 -0.001723 -0.052066
0.000372 0.001724 0.999998 0.049170
0.000000 0.000000 0.000000 1.000000
231 3301
0.999995 0.002632 -0.001897 -0.349305
-0.002631 0.999996 0.000875 0.014225
0.001899 -0.000870 0.999998 0.038669
0.000000 0.000000 0.000000 1.000000
262 3332
0.999988 -0.004666 0.001169 0.058264
0.004669 0.999986 -0.002612 -0.138597
-0.001157 0.002617 0.999996 0.038185
0.000000 0.000000 0.000000 1.000000
291 3363
0.999986 -0.005021 0.001773 -0.292192
0.005018 0.999986 0.001715 -0.138007
-0.001781 -0.001706 0.999997 0.072754
0.000000 0.000000 0.000000 1.000000
317 3394
0.999982 0.004984 0.003310 0.282184
-0.004976 0.999985 -0.002339 -0.398647
-0.003321 0.002323 0.999992 0.034234
0.000000 0.000000 0.000000 1.000000
340 3425
0.999952 0.007306 0.006531 -0.307383
-0.007300 0.999973 -0.001022 -0.058679
-0.006538 0.000974 0.999978 0.030481
0.000000 0.000000 0.000000 1.000000
363 3456
0.999933 0.009817 0.006206 -0.086449
-0.009848 0.999939 0.005033 -0.003634
-0.006156 -0.005094 0.999968 0.073887
0.000000 0.000000 0.000000 1.000000
386 3487
0.999987 0.004632 -0.002313 -0.157493
-0.004627 0.999987 0.002086 0.124762
0.002322 -0.002076 0.999995 0.043093
0.000000 0.000000 0.000000 1.000000
411 3518
0.999956 -0.009405 -0.000717 0.252267
0.009403 0.999952 -0.002724 -0.022811
0.000743 0.002717 0.999996 0.025361
0.000000 0.000000 0.000000 1.000000
434 3549
0.999974 0.005559 0.004571 0.142862
-0.005542 0.999978 -0.003663 -0.196210
-0.004591 0.003637 0.999983 0.015482
0.000000 0.000000 0.000000 1.000000
451 3580
0.999947 0.010180 0.001638 -0.275066
-0.010187 0.999940 0.003983 -0.083354
-0.001598 -0.003999 0.999991 0.058669
0.000000 0.000000 0.000000 1.000000
473 3611
0.997741 0.067046 0.004117 0.068419
-0.067061 0.997743 0.003550 0.490680
-0.003869 -0.003818 0.999985 0.012016
0.000000 0.000000 0.000000 1.000000
505 3642
0.999502 -0.031505 -0.001704 0.257347
0.031496 0.999491 -0.004995 -0.408142
0.001860 0.004939 0.999986 0.060831
0.000000 0.000000 0.000000 1.000000
537 3673
0.999848 0.017343 -0.001996 0.106557
-0.017340 0.999849 0.001185 0.095320
0.002016 -0.001150 0.999997 0.085576
0.000000 0.000000 0.000000 1.000000
569 3704
0.999981 0.004913 -0.003767 -0.078957
-0.004913 0.999988 0.000048 0.082332
0.003767 -0.000029 0.999993 0.047326
0.000000 0.000000 0.000000 1.000000
601 3735
0.999949 0.006746 -0.007451 0.137055
-0.006742 0.999977 0.000522 0.050472
0.007455 -0.000471 0.999972 0.059111
0.000000 0.000000 0.000000 1.000000
635 3766
0.999998 0.001452 -0.000954 -0.150974
-0.001447 0.999987 0.004868 0.179697
0.000961 -0.004866 0.999988 0.065045
0.000000 0.000000 0.000000 1.000000
679 3797
0.999848 -0.010915 0.013562 -0.117913
0.010910 0.999940 0.000390 -0.009640
-0.013565 -0.000242 0.999908 0.052321
0.000000 0.000000 0.000000 1.000000
753 3828
0.999792 0.020020 -0.003849 0.093423
-0.020013 0.999798 0.001821 1.310562
0.003885 -0.001743 0.999991 0.140111
0.000000 0.000000 0.000000 1.000000
794 3859
0.998444 -0.055613 -0.004171 0.253074
0.055578 0.998421 -0.008125 0.074967
0.004616 0.007881 0.999958 0.106159
0.000000 0.000000 0.000000 1.000000
824 3890
0.999925 0.012256 -0.000086 0.377342
-0.012256 0.999925 0.000758 0.088911
0.000095 -0.000757 1.000000 0.048938
0.000000 0.000000 0.000000 1.000000
854 3921
0.999993 0.003739 0.000915 0.048066
-0.003738 0.999992 -0.001377 0.236966
-0.000920 0.001373 0.999999 0.041177
0.000000 0.000000 0.000000 1.000000
886 3952
0.999925 -0.012193 -0.000813 0.152159
0.012194 0.999925 0.000881 0.211045
0.000802 -0.000891 0.999999 0.036712
0.000000 0.000000 0.000000 1.000000
917 3983
0.999990 0.004309 0.001059 -0.052609
-0.004308 0.999991 -0.000464 0.013625
-0.001061 0.000460 0.999999 0.034363
0.000000 0.000000 0.000000 1.000000
948 4014
0.999989 0.004275 0.002141 -0.210633
-0.004260 0.999966 -0.007005 0.384225
-0.002171 0.006996 0.999973 0.030376
0.000000 0.000000 0.000000 1.000000
977 4045
0.999926 -0.011581 0.003778 -0.051493
0.011581 0.999933 0.000012 0.077014
-0.003778 0.000031 0.999993 0.037666
0.000000 0.000000 0.000000 1.000000
1006 4076
0.999942 0.010705 -0.001149 0.305109
-0.010707 0.999942 -0.001304 -0.091311
0.001135 0.001316 0.999998 0.037478
0.000000 0.000000 0.000000 1.000000
1035 4107
0.999946 -0.009891 -0.003067 -0.510950
0.009884 0.999948 -0.002499 -0.023786
0.003091 0.002469 0.999992 0.044244
0.000000 0.000000 0.000000 1.000000
1065 4138
0.999925 -0.012117 -0.001924 -0.064606
0.012116 0.999927 -0.000451 -0.181316
0.001929 0.000428 0.999998 0.016488
0.000000 0.000000 0.000000 1.000000
1094 4169
0.999809 0.019418 0.002361 -0.379891
-0.019410 0.999806 -0.003306 -0.080675
-0.002424 0.003259 0.999992 0.015210
0.000000 0.000000 0.000000 1.000000
1122 4200
0.999977 -0.006832 -0.000554 -0.662402
0.006829 0.999964 -0.005127 -0.217814
0.000589 0.005123 0.999987 0.024331
0.000000 0.000000 0.000000 1.000000
1150 4231
0.999958 0.007376 0.005405 -0.385656
-0.007378 0.999973 0.000280 -0.007057
-0.005403 -0.000320 0.999985 0.037104
0.000000 0.000000 0.000000 1.000000
1181 4262
0.999438 -0.033532 -0.000293 0.165528
0.033533 0.999430 0.003808 -0.289994
0.000165 -0.003816 0.999993 0.063896
0.000000 0.000000 0.000000 1.000000
1209 4293
0.997621 0.068929 -0.001207 -0.239598
-0.068916 0.997585 0.008614 0.504364
0.001798 -0.008511 0.999962 0.051045
0.000000 0.000000 0.000000 1.000000
1240 4324
0.999551 0.029966 0.000020 0.020876
-0.029966 0.999530 0.006394 1.408253
0.000172 -0.006392 0.999980 0.020742
0.000000 0.000000 0.000000 1.000000
1271 4355
0.999330 -0.036598 0.000417 -0.357255
0.036599 0.999328 -0.002228 0.508624
-0.000335 0.002242 0.999997 0.053105
0.000000 0.000000 0.000000 1.000000
1301 4386
0.999971 -0.007657 -0.000073 -0.402295
0.007657 0.999971 0.000586 -0.015824
0.000068 -0.000586 1.000000 0.045507
0.000000 0.000000 0.000000 1.000000
1332 4417
0.999971 0.006376 0.004255 0.038138
-0.006379 0.999979 0.000698 -0.002407
-0.004251 -0.000725 0.999991 0.030957
0.000000 0.000000 0.000000 1.000000
1374 4448
0.994803 0.101793 0.002299 -0.241195
-0.101780 0.994795 -0.004950 0.404059
-0.002790 0.004690 0.999985 0.054134
0.000000 0.000000 0.000000 1.000000
2304 4666
0.998909 0.046698 -0.000815 -4.040830
-0.046701 0.998905 -0.002856 0.009872
0.000681 0.002891 0.999996 0.165819
0.000000 0.000000 0.000000 1.000000
2341 4697
0.999998 0.001927 0.000294 0.142428
-0.001926 0.999997 -0.001688 0.035535
-0.000298 0.001687 0.999999 0.057575
0.000000 0.000000 0.000000 1.000000
2376 4728
0.999991 -0.001413 -0.004027 -0.095833
0.001421 0.999997 0.002034 0.361345
0.004024 -0.002040 0.999990 0.077631
0.000000 0.000000 0.000000 1.000000
2409 4759
0.999995 0.003046 -0.000993 -0.239958
-0.003046 0.999995 -0.000237 0.249184
0.000992 0.000240 0.999999 0.066705
0.000000 0.000000 0.000000 1.000000
2442 4790
0.999956 -0.009165 -0.002192 0.643051
0.009162 0.999957 -0.001081 -0.192567
0.002202 0.001061 0.999997 0.037913
0.000000 0.000000 0.000000 1.000000
2473 4821
0.999986 -0.002395 -0.004618 0.004463
0.002379 0.999992 -0.003314 -0.054708
0.004626 0.003303 0.999984 0.050208
0.000000 0.000000 0.000000 1.000000
2502 4852
0.999991 -0.004094 -0.001076 0.379593
0.004094 0.999992 0.000304 0.104156
0.001075 -0.000308 0.999999 0.041832
0.000000 0.000000 0.000000 1.000000
2530 4883
0.999992 -0.003911 0.000997 0.327528
0.003912 0.999992 -0.001246 -0.059452
-0.000993 0.001250 0.999999 0.051461
0.000000 0.000000 0.000000 1.000000
2559 4914
0.999982 -0.003571 -0.004833 0.078401
0.003567 0.999993 -0.000950 -0.184790
0.004837 0.000933 0.999988 0.065179
0.000000 0.000000 0.000000 1.000000
4057 5682
-0.090204 -0.995372 0.033126 -2.502619
0.995324 -0.091254 -0.031674 5.940645
0.034550 0.030114 0.998949 0.099092
0.000000 0.000000 0.000000 1.000000
4058 5767
-0.471911 -0.881387 0.021362 -0.101548
0.881098 -0.472334 -0.023808 1.841761
0.031074 0.007586 0.999488 0.018560
0.000000 0.000000 0.000000 1.000000
977 5798
-0.989995 -0.135714 0.038620 0.432683
0.135811 -0.990735 -0.000123 -1.785424
0.038279 0.005123 0.999254 0.044239
0.000000 0.000000 0.000000 1.000000
884 5925
-0.999007 -0.014838 0.042012 4.450849
0.014266 -0.999802 -0.013883 -2.839590
0.042209 -0.013270 0.999021 -0.113519
0.000000 0.000000 0.000000 1.000000
462 6483
-0.992133 -0.111345 0.057225 2.051265
0.110192 -0.993646 -0.022931 -7.564626
0.059415 -0.016445 0.998098 0.008123
0.000000 0.000000 0.000000 1.000000
110 6836
-0.997229 0.063187 0.039265 4.454229
-0.064473 -0.997394 -0.032390 -7.238396
0.037116 -0.034832 0.998704 -0.131978
0.000000 0.000000 0.000000 1.000000
2864 7186
-0.300469 0.952085 0.057025 -2.258410
-0.952869 -0.302271 0.025948 -3.385853
0.041941 -0.046541 0.998036 0.214880
0.000000 0.000000 0.000000 1.000000
2881 7217
0.998899 0.046879 0.002036 -0.046905
-0.046884 0.998897 0.002761 -0.297647
-0.001904 -0.002854 0.999994 0.147486
0.000000 0.000000 0.000000 1.000000
2904 7248
0.999945 0.009931 -0.003305 -0.113113
-0.009939 0.999948 -0.002191 -0.242102
0.003283 0.002223 0.999992 0.157549
0.000000 0.000000 0.000000 1.000000
2930 7279
0.999969 0.007166 -0.003369 0.000376
-0.007162 0.999974 0.001064 -0.104892
0.003376 -0.001039 0.999994 0.098377
0.000000 0.000000 0.000000 1.000000
2955 7310
0.999980 -0.004320 -0.004543 -0.459975
0.004320 0.999991 -0.000104 -0.139442
0.004543 0.000084 0.999990 0.078910
0.000000 0.000000 0.000000 1.000000
2980 7341
0.999996 0.002035 0.002157 -0.350642
-0.002033 0.999998 -0.000925 -0.158111
-0.002159 0.000921 0.999997 0.070294
0.000000 0.000000 0.000000 1.000000
3005 7372
0.999917 0.010124 -0.007982 -0.166722
-0.010099 0.999944 0.003112 -0.038797
0.008013 -0.003032 0.999963 0.074927
0.000000 0.000000 0.000000 1.000000
3030 7403
0.999961 -0.004784 0.007480 -0.421944
0.004788 0.999988 -0.000424 -0.104921
-0.007478 0.000460 0.999972 0.062070
0.000000 0.000000 0.000000 1.000000
3057 7434
0.999982 0.005849 0.001238 0.202063
-0.005849 0.999983 0.000069 -0.052560
-0.001238 -0.000076 0.999999 0.052402
0.000000 0.000000 0.000000 1.000000
3085 7465
0.999993 -0.002630 -0.002775 -0.298812
0.002630 0.999997 -0.000003 -0.126188
0.002775 -0.000004 0.999996 0.072426
0.000000 0.000000 0.000000 1.000000
3113 7496
0.999969 0.007717 0.001343 -0.431137
-0.007717 0.999970 -0.000179 -0.118096
-0.001345 0.000169 0.999999 0.071007
0.000000 0.000000 0.000000 1.000000
3142 7527
0.999923 0.011670 0.004223 0.134342
-0.011675 0.999931 0.001170 0.050710
-0.004209 -0.001220 0.999990 0.038915
0.000000 0.000000 0.000000 1.000000
3171 7558
0.999914 -0.012660 0.003351 -0.215728
0.012660 0.999920 -0.000072 0.044270
-0.003350 0.000115 0.999994 0.039775
0.000000 0.000000 0.000000 1.000000
3203 7589
0.999986 0.004825 -0.002126 -0.125447
-0.004824 0.999988 0.000223 -0.075848
0.002127 -0.000213 0.999998 0.040059
0.000000 0.000000 0.000000 1.000000
166 7620
0.999996 0.001423 -0.002624 0.299977
-0.001429 0.999997 -0.002022 -0.098410
0.002621 0.002026 0.999995 0.065891
0.000000 0.000000 0.000000 1.000000
3262 7651
0.999962 0.008135 -0.003156 0.218312
-0.008127 0.999963 0.002663 0.156617
0.003177 -0.002638 0.999991 0.025147
0.000000 0.000000 0.000000 1.000000
221 7682
0.999998 0.001451 -0.001433 -0.100143
-0.001452 0.999999 -0.000451 -0.065956
0.001433 0.000453 0.999999 0.053091
0.000000 0.000000 0.000000 1.000000
3319 7713
0.999991 0.003490 0.002333 -0.015151
-0.003487 0.999993 -0.001368 -0.104848
-0.002338 0.001360 0.999996 0.040958
0.000000 0.000000 0.000000 1.000000
3346 7744
0.999991 -0.003135 0.002924 0.084867
0.003134 0.999995 0.000155 0.023076
-0.002924 -0.000146 0.999996 0.035557
0.000000 0.000000 0.000000 1.000000
3374 7775
0.999946 0.010233 -0.001981 0.030164
-0.010231 0.999947 0.000575 0.153720
0.001987 -0.000554 0.999998 0.038095
0.000000 0.000000 0.000000 1.000000
325 7806
0.999979 0.006160 -0.002075 -0.057397
-0.006160 0.999981 0.000343 -0.079245
0.002077 -0.000330 0.999998 0.062329
0.000000 0.000000 0.000000 1.000000
3439 7837
0.999969 -0.007575 -0.002185 -0.021522
0.007574 0.999971 -0.000836 -0.076632
0.002191 0.000820 0.999997 0.024334
0.000000 0.000000 0.000000 1.000000
374 7868
0.999852 0.014876 0.008587 0.239259
-0.014877 0.999889 -0.000051 0.102801
-0.008586 -0.000077 0.999963 0.034074
0.000000 0.000000 0.000000 1.000000
396 7899
0.999932 -0.011591 -0.000907 0.146375
0.011591 0.999933 0.000731 0.095422
0.000898 -0.000742 0.999999 0.058473
0.000000 0.000000 0.000000 1.000000
413 7930
0.926792 0.375542 -0.004913 0.110072
-0.375520 0.926802 0.004805 1.378849
0.006358 -0.002608 0.999976 0.011430
0.000000 0.000000 0.000000 1.000000
