9.999999999999998890e-01 -1.710621952558203312e-18 2.784834985907422728e-18 -4.656530716573570317e-10 4.301173291933115756e-18 9.999999999999998890e-01 5.529926524549565057e-18 2.719380276516858430e-12 -6.920259179067633770e-19 3.273782341137870810e-18 1.000000000000000000e+00 3.635314271832612576e-12
9.999999798307194210e-01 -1.421514469316811186e-04 1.418856114881618781e-04 -3.182668238179109724e-03 1.421502288047472157e-04 9.999999898597163872e-01 8.595322424402147235e-06 1.537286380012372602e-03 -1.418868318868842784e-04 -8.575153178889951956e-06 9.999999898972967705e-01 2.450009069614187199e-03
9.999999781442815427e-01 -1.116852397358163211e-04 1.767423074638929648e-04 -1.362640184403451091e-03 1.117049451035079325e-04 9.999999875464231636e-01 -1.114861370467625250e-04 6.710037035774151296e-03 -1.767298539067838048e-04 1.115058775999510542e-04 9.999999781664987708e-01 4.256828455039734019e-05
9.999999762114276658e-01 1.331863869128812456e-04 1.727383261071622144e-04 9.824273901157493799e-03 -1.331879591176872055e-04 9.999999910891679278e-01 9.090185233002948440e-06 6.138860260320184135e-03 -1.727371138787241959e-04 -9.113191681727816497e-06 9.999999850394194478e-01 5.121635527130432436e-03
9.999999641342161016e-01 8.138056170819334221e-05 2.551641994115219614e-04 6.315819163401166156e-03 -8.142641919456457473e-05 9.999999805366098782e-01 1.797123192566186763e-04 5.152463185681611935e-03 -2.551495693552579061e-04 -1.797330899179189038e-04 9.999999512973553051e-01 1.026741254557180481e-02
9.999999755727039252e-01 2.133870427053338932e-04 5.762428708689566092e-05 9.544354537876987427e-03 -2.133993197509617592e-04 9.999999545178915872e-01 2.131312854556756202e-04 7.184511413647442016e-03 -5.757880501074810140e-05 -2.131435772328408467e-04 9.999999756272474061e-01 1.083919427339159400e-02
9.999999112419775127e-01 1.535381748642753689e-04 3.923545101131736303e-04 1.333603543696735248e-02 -1.535004563291063285e-04 9.999999835952284588e-01 -9.616211745816880690e-05 9.627189501309817848e-03 -3.923692682319606198e-04 9.610188232702717586e-05 9.999999184053883772e-01 8.710334724213054242e-03
9.999999387376408144e-01 1.883682473121325342e-04 2.950290022620848172e-04 1.013765598850990129e-02 -1.883666315666153901e-04 9.999999822438574437e-01 -5.504340879428965992e-06 3.767419728931568033e-03 -2.950300338656885188e-04 5.448766923268964097e-06 9.999999564637925831e-01 8.286655138094822445e-03
9.999999826007661685e-01 1.359950056753656965e-04 1.276864028862158002e-04 9.954187801662734217e-03 -1.360252994692682713e-04 9.999999625993615249e-01 2.372728286149741760e-04 6.076459209756612453e-03 -1.276541301899777436e-04 -2.372901930673161760e-04 9.999999636988909923e-01 1.094799799320664291e-02
9.999999476073041516e-01 1.357563616305372078e-04 2.938632132386080880e-04 1.170813855430583028e-02 -1.357970831381941654e-04 9.999999811804883842e-01 1.385574870509409821e-04 1.046441904506092806e-02 -2.938443976467563709e-04 -1.385973855582249017e-04 9.999999472231134723e-01 8.400893502042731595e-03
9.999999497577555241e-01 1.460259755130399338e-04 2.813554455051481317e-04 1.002716793069575486e-02 -1.460501175049051380e-04 9.999999856549444122e-01 8.578739048787637877e-05 1.061942085276161400e-02 -2.813429142803709933e-04 -8.582847817301960487e-05 9.999999567398147882e-01 1.261577148308425100e-02
9.999999586030862142e-01 1.722171276914254482e-04 2.305104541510324143e-04 9.146358350645648200e-03 -1.722322259647150657e-04 9.999999830241467214e-01 6.548105520675438882e-05 9.175599882653137640e-03 -2.304991732771841627e-04 -6.552075382400050459e-05 9.999999712885773162e-01 9.991770943160916199e-03
9.999999221748498979e-01 1.575946544764092341e-04 3.616824554012110422e-04 1.169641824993988832e-02 -1.576025490239763059e-04 9.999999873431230091e-01 2.179889464390293282e-05 7.900149328053839709e-03 -3.616790154325238071e-04 -2.185589502356294369e-05 9.999999343552987696e-01 1.541655363121566778e-02
9.999999380037153385e-01 2.093838887203241096e-04 2.831093926288524203e-04 1.027615748144033482e-02 -2.094329311226057321e-04 9.999999630682093743e-01 1.732092030535955997e-04 1.028887020579873773e-02 -2.830731149547853335e-04 -1.732684847443008739e-04 9.999999449238160532e-01 8.256639616520134936e-03
9.999998911914399491e-01 2.416789954029428778e-04 3.990092024007196934e-04 1.393452372176210048e-02 -2.416555782979992392e-04 9.999999690763728966e-01 -5.873529753412952198e-05 4.381579065639547646e-03 -3.990233851475838878e-04 5.863886834473899877e-05 9.999999186709025434e-01 1.499096661284804802e-02
9.999999199354867585e-01 1.682843862867625768e-04 3.630555793904386070e-04 1.374308627365795378e-02 -1.683312737989227684e-04 9.999999774962731180e-01 1.291202393275574028e-04 6.455328177774443364e-03 -3.630338422978793039e-04 -1.291813425965177464e-04 9.999999257592971924e-01 1.034183986909439738e-02
9.999999420062972710e-01 1.985589308300249485e-04 2.766978820757590705e-04 1.393084635156098886e-02 -1.985725977083308501e-04 9.999999790659516163e-01 4.936619117798440111e-05 1.318628934427485723e-02 -2.766880741828347113e-04 -4.942113293086373814e-05 9.999999605006241188e-01 1.447460955431977697e-02
9.999999433331948628e-01 1.824713717974899257e-04 2.829094675458653299e-04 1.364390018522834008e-02 -1.824954529838737930e-04 9.999999797270161528e-01 8.509628924455861563e-05 1.513263235253253444e-02 -2.828939341712240901e-04 -8.514791411228272479e-05 9.999999563604202724e-01 1.374043616559912293e-02
9.999998984424474102e-01 2.431171421955936754e-04 3.794853195961005502e-04 1.136567891806809262e-02 -2.431889696623187587e-04 9.999999525234186670e-01 1.892413477520402034e-04 7.603987274444339202e-03 -3.794392937609619774e-04 -1.893336151752850324e-04 9.999999100892917880e-01 1.345805750670617078e-02
9.999998863991514941e-01 2.545459503967004221e-04 4.029987557009231773e-04 1.643542637790368355e-02 -2.545775545757209294e-04 9.999999645239577850e-01 7.837317296522652247e-05 9.318342288521961822e-03 -4.029787918272681045e-04 -7.847575849773824738e-05 9.999999157248139481e-01 1.436272912418613476e-02
9.999998718568302580e-01 2.164537058390505607e-04 4.576396686728737722e-04 1.677283853723421717e-02 -2.164337107945060506e-04 9.999999756215990354e-01 -4.374074482510999972e-05 4.440073479204401964e-03 -4.576491253593948164e-04 4.364169057048205533e-05 9.999998943263278539e-01 1.293133036614287600e-02
9.999999855616300559e-01 1.170248205334077223e-04 1.232147619623877603e-04 8.433993401628729278e-03 -1.170625255654036821e-04 9.999999463155055945e-01 3.060479609437671508e-04 7.598848174482873523e-03 -1.231789401364531081e-04 -3.060623803538868527e-04 9.999999455763755041e-01 1.016711121302778069e-02
9.999999281348156410e-01 2.704526986165574180e-04 2.656795894581830586e-04 1.468641716570226116e-02 -2.704580842424296060e-04 9.999999632214773282e-01 2.023542247722957002e-05 -1.106468875216723956e-03 -2.656741069584827924e-04 -2.030727621336585678e-05 9.999999645024338912e-01 1.986943943761204298e-02
9.999997852798285791e-01 1.960209149160353314e-04 6.253127515421087572e-04 1.273206259563931797e-02 -1.960329798226288583e-04 9.999999806005841485e-01 1.923296728670395938e-05 1.422889904929159482e-02 -6.253089693434604095e-04 -1.935554507647604442e-05 9.999998043070013054e-01 1.590140532367927823e-02
9.999998474649031133e-01 1.645395052381218792e-04 5.272540732967147302e-04 7.313642239843051208e-03 -1.645774032995818068e-04 9.999999838769650928e-01 7.183560095495765071e-05 1.325421283814838189e-02 -5.272422449970962099e-04 -7.192236410113073564e-05 9.999998584213768416e-01 1.910341162959991457e-02
9.999998852606597488e-01 2.041869354664933031e-04 4.333431613287329126e-04 1.376420197734147532e-02 -2.043374347891852786e-04 9.999999188205715983e-01 3.472824060315380626e-04 1.359431126779732900e-02 -4.332722156151442910e-04 -3.473709144117661986e-04 9.999998458042980154e-01 1.779697363642656488e-02
9.999999571236815044e-01 1.223018698293751197e-04 2.660729538780454628e-04 1.085964534116334174e-02 -1.223348876854073967e-04 9.999999848191039042e-01 1.240805192344119950e-04 1.588250097131909538e-02 -2.660577745541182083e-04 -1.241130639162506516e-04 9.999999569045951997e-01 2.055838627243019093e-02
9.999998074717119101e-01 2.408043427732563463e-04 5.719001072094371521e-04 1.703550427761248848e-02 -2.407703378197833643e-04 9.999999692430528997e-01 -5.952770208575501295e-05 1.111841528694386405e-02 -5.719144241431589355e-04 5.938999404611703661e-05 9.999998346933384186e-01 1.732348020972497571e-02
9.999998323895230579e-01 1.909428369172342342e-04 5.465909618232817286e-04 1.376332770039815842e-02 -1.908711608536476582e-04 9.999999731797380997e-01 -1.311820655764917248e-04 1.162323549756298126e-02 -5.466159954334297733e-04 1.310777151408798154e-04 9.999998420147723222e-01 1.527331275463411284e-02
9.999998371956750898e-01 2.866209384990201598e-04 4.934135964943364011e-04 1.241876585235427745e-02 -2.866712505691379280e-04 9.999999537180340736e-01 1.018996390258076736e-04 1.218874505077678638e-02 -4.933843670817535890e-04 -1.020410699254559498e-04 9.999998730797267088e-01 1.657155686195048785e-02
9.999999280142793934e-01 9.355634387194607853e-05 3.677207610305136009e-04 1.029550211663485086e-02 -9.362213244788649942e-05 9.999999796155785159e-01 1.788959282928336480e-04 1.564670087890227684e-02 -3.677040166790758739e-04 -1.789303422131046110e-04 9.999999163888323439e-01 1.882600358313131841e-02
9.999999091512599136e-01 4.588173036623304510e-05 4.237832529696561865e-04 1.637609676815589277e-02 -4.592537212762861634e-05 9.999999936438035419e-01 1.029721771918818839e-04 1.442869480484987484e-02 -4.237785257272196049e-04 -1.029916302368084235e-04 9.999999049022291198e-01 1.736879163049460939e-02
9.999998432496627343e-01 5.515057055980353078e-05 5.571884477705862536e-04 1.065186811525921720e-02 -5.522357004143548523e-05 9.999999898947584676e-01 1.309994607696847739e-04 1.233598426441982580e-02 -5.571812174375012899e-04 -1.310302101667781838e-04 9.999998361900647170e-01 1.872103177595450460e-02
9.999998726969254736e-01 1.972694852736341000e-04 4.644252151821507703e-04 1.049150892855440359e-02 -1.973014567221553620e-04 9.999999781696263801e-01 6.879609590456241860e-05 1.138998300750701520e-02 -4.644116336651564481e-04 -6.888771891397971788e-05 9.999998897881424709e-01 1.598648404440158530e-02
9.999998511867450590e-01 1.812929028363700077e-04 5.145476312308353613e-04 1.329784667738004994e-02 -1.812723267338975147e-04 9.999999827687798826e-01 -4.003506990918542715e-05 1.221160545561677385e-02 -5.145548804301038970e-04 3.994179070940022755e-05 9.999998668189449269e-01 1.879995664338349887e-02
9.999998450767177971e-01 2.711201047561546170e-04 4.861484536671377595e-04 1.330550275231676648e-02 -2.711489505564110085e-04 9.999999614826421412e-01 5.927045467911283485e-05 1.393261452931467484e-02 -4.861323655211647276e-04 -5.940226413532951916e-05 9.999998800733289617e-01 1.850636316077617152e-02
9.999998563240002358e-01 2.483881629647954610e-04 4.750317726083589081e-04 1.099904354237027544e-02 -2.484271209716025931e-04 9.999999657837561617e-01 8.195413277952601661e-05 1.289228380688975037e-02 -4.750113999086723218e-04 -8.207213177573601697e-05 9.999998838141492818e-01 1.868197160395505124e-02
9.999998659703367432e-01 2.643338760319867572e-04 4.451817512414531111e-04 1.076583309513587210e-02 -2.644049684242175927e-04 9.999999523022858883e-01 1.596416890496647637e-04 1.423061658223138612e-02 -4.451395312910006634e-04 -1.597593759151259179e-04 9.999998881638515469e-01 1.753816220831819206e-02
9.999997373618352281e-01 1.742651776840208435e-04 7.034968262924498963e-04 1.261170002613834495e-02 -1.742475413989369535e-04 9.999999845031378731e-01 -2.513066626650779036e-05 1.033330275961295668e-02 -7.035011947801768362e-04 2.500807707867115881e-05 9.999997522302895847e-01 1.793001655910238940e-02
9.999998869450217320e-01 1.636935221736626734e-04 4.464462406719874130e-04 1.299742276607610686e-02 -1.637272796552802559e-04 9.999999837406675640e-01 7.557827720577131798e-05 1.379845929310900311e-02 -4.464338617279771555e-04 -7.565136408494001023e-05 9.999998974868214985e-01 1.342016244870984990e-02
9.999998591159416916e-01 2.305728990352216899e-04 4.781256130157051807e-04 1.505506819360961056e-02 -2.305754241035356091e-04 9.999999734038479415e-01 5.226076783117238663e-06 8.768479351933240393e-03 -4.781243952966360462e-04 -5.336320057958050449e-06 9.999998856842738926e-01 1.522655804602925447e-02
9.999998661298884484e-01 1.616448888067893838e-04 4.915394157228541831e-04 1.322011009125756940e-02 -1.616776123662532361e-04 9.999999847167643230e-01 6.653462594367857302e-05 1.110169510295400119e-02 -4.915286532168979721e-04 -6.661408795087716812e-05 9.999998769810525268e-01 1.109223136686781491e-02
9.999998211174730978e-01 1.757148794930760149e-04 5.717422144897971008e-04 1.446788682953734952e-02 -1.757533609608867597e-04 9.999999822937051253e-01 6.725608866369913905e-05 1.085199518550821959e-02 -5.717303864591086410e-04 -6.735656224363735945e-05 9.999998342937019835e-01 1.102213786873042570e-02
9.999994448737204999e-01 9.252301621217376957e-05 1.049614973863515367e-03 2.055155782110763829e-02 -9.245834444186125140e-05 9.999999938245762721e-01 -6.166310623065111591e-05 9.107015862371722198e-03 -1.049620672626198252e-03 6.156602634199534365e-05 9.999994472528669354e-01 1.293813737288115537e-02
9.999944841024555053e-01 -1.160041335258344010e-04 3.319383609960578109e-03 1.318493270715793975e-02 1.195631540991002543e-04 9.999994182442454305e-01 -1.072014859940750809e-03 1.421351341477134628e-02 -3.319257320722530935e-03 1.072405822795741278e-03 9.999939162197737375e-01 2.407950722305263538e-02
9.999909285801862335e-01 -1.134968855625479464e-04 4.257919167086639430e-03 1.313504019216215485e-03 1.183125769488192742e-04 9.999993536899838276e-01 -1.130761595682130884e-03 1.897927064669591851e-02 -4.257788077218447979e-03 1.131255103463156076e-03 9.999902957041875151e-01 2.042707725188745022e-02
9.999941553015375684e-01 1.940317401289097651e-04 3.413460748590596734e-03 2.801130965972855290e-03 -1.913608953844427615e-04 9.999996753385268500e-01 -7.827540397599873833e-04 1.264064413012317041e-02 -3.413611519486622545e-03 7.820962618984714709e-04 9.999938677720966451e-01 1.962615561004008372e-02
9.999955522302361732e-01 -1.854810905520229739e-04 2.976762727905388293e-03 -1.617891999584088539e-02 1.878177419325326170e-04 9.999996744823570483e-01 -7.847035840882015095e-04 1.194922964525118453e-02 -2.976616211226503373e-03 7.852591827662797151e-04 9.999952615507291531e-01 2.214183006559516248e-02
9.999961931147901550e-01 -1.880034812941552282e-05 2.759239441715956049e-03 -3.182080450101558433e-02 2.051974664770625918e-05 9.999998056531922419e-01 -6.231152045785441412e-04 8.404772100628886758e-03 -2.759227190669809315e-03 6.231694513500116422e-04 9.999959991545501747e-01 2.328728111247052937e-02
9.999961178766293424e-01 9.219566866866029861e-06 2.786421807130742313e-03 -4.926102125444904029e-02 -6.582920544848405236e-06 9.999995522782517687e-01 -9.462557809273050395e-04 7.973334856365532630e-03 -2.786429283643096413e-03 9.462337646576160803e-04 9.999956702173614653e-01 2.528254331507118896e-02
9.999951196818701593e-01 3.094339500594392721e-05 3.124044615566995680e-03 -7.049994188724431621e-02 -2.738291654753153182e-05 9.999993501236836835e-01 -1.139737877476431184e-03 8.093010202398194866e-03 -3.124077852668813004e-03 1.139646769745457713e-03 9.999944706560975893e-01 2.401415793238118740e-02
9.999898849430980396e-01 -4.671282431618910849e-05 4.497535904005557465e-03 -9.751682591235094621e-02 5.512229260860907365e-05 9.999982506111825264e-01 -1.869688784788115128e-03 1.318206645747033862e-02 -4.497440697607298435e-03 1.869917787275422825e-03 9.999881381469464259e-01 3.061127048858876959e-02
9.999883513666283363e-01 -2.478148717798532856e-04 4.820344245283224131e-03 -1.204861260804917789e-01 2.542323453198616959e-04 9.999990822164440685e-01 -1.330763776862514637e-03 1.149132868915970357e-02 -4.820010038179819989e-03 1.331973762711536041e-03 9.999874965963732043e-01 2.672802171049967757e-02
9.999873622971484632e-01 -3.490155709319285701e-04 5.015319921902586242e-03 -1.583068610285021660e-01 3.546293379264332237e-04 9.999993116221629341e-01 -1.118478108813934432e-03 1.108755007405820385e-02 -5.014926103175309721e-03 1.120242553409011351e-03 9.999867976992264929e-01 3.253645981687147692e-02
9.999862100928691433e-01 -1.659512563593005521e-04 5.249007913108451676e-03 -1.994177279152479498e-01 1.700065063175506825e-04 9.999996874504746280e-01 -7.721378042562157670e-04 9.443942924186252141e-03 -5.248878135277846441e-03 7.730195220502267305e-04 9.999859257605029361e-01 3.164399035446151254e-02
9.999856684642448590e-01 -2.641891348760908335e-04 5.347248825791699536e-03 -2.495658905002603178e-01 2.681170577396189752e-04 9.999996947773781564e-01 -7.338654120557308938e-04 1.094413454399458668e-02 -5.347053314404628249e-03 7.352885832652909489e-04 9.999854340796675567e-01 2.887506784636956550e-02
9.999852580474559716e-01 -2.047859970703924486e-04 5.426025270888905176e-03 -3.025202697296767718e-01 2.100188418593447622e-04 9.999995134471794112e-01 -9.638451852296196862e-04 8.830876543749290042e-03 -5.425825248825843182e-03 9.649705438188805511e-04 9.999848145107835817e-01 3.107105412853034682e-02
9.999839195719167906e-01 -6.787675806708932469e-05 5.670625195650062442e-03 -3.696501990757756761e-01 7.409118951675609484e-05 9.999993969803051552e-01 -1.095695931235513660e-03 6.822354947263342510e-03 -5.670547403845378753e-03 1.096098455348037482e-03 9.999833215910466366e-01 3.039414993533656045e-02
9.999827185448448841e-01 -3.320572084144767259e-04 5.869612376052203880e-03 -4.389400796610654631e-01 3.399448638265433463e-04 9.999990405745985411e-01 -1.342865378674908865e-03 1.077691005613833942e-02 -5.869160836449290909e-03 1.344837516593245597e-03 9.999818720172251041e-01 3.003447666193102480e-02
9.999800131595609765e-01 -4.296035317887736339e-04 6.307830211598287884e-03 -5.191787054492066344e-01 4.373775237338202253e-04 9.999991465373322397e-01 -1.231107454097360790e-03 9.479512905337647566e-03 -6.307295939971109718e-03 1.233841751313516453e-03 9.999793476129397174e-01 3.155640223273203926e-02
9.999793890639115945e-01 -3.995819870100103251e-04 6.407946735577657246e-03 -6.122508442578526999e-01 4.052254011368150053e-04 9.999995312100635747e-01 -8.794157624006708430e-04 1.113715535400195203e-02 -6.407592332879217395e-03 8.819942996113354014e-04 9.999790822044685168e-01 3.568779348855888323e-02
9.999780709469754392e-01 -5.729000202838219246e-04 6.597682206087101056e-03 -7.109388400828059451e-01 5.763517323357047854e-04 9.999996980423980775e-01 -5.212809711540022104e-04 1.316608007189097942e-02 -6.597381571967594199e-03 5.250721255312067572e-04 9.999780991879747560e-01 3.496713482147234542e-02
9.999792160491558501e-01 -8.921501568713002123e-04 6.385259397188876307e-03 -8.176525707848495417e-01 8.931720804177626380e-04 9.999995887667287864e-01 -1.571943618076808067e-04 1.533976254820058026e-02 -6.385116530362490612e-03 1.628942301139949325e-04 9.999796016681040678e-01 3.572060371096586612e-02
9.999767438388573737e-01 -1.004238116263460844e-03 6.745612425447025488e-03 -9.326123960785706046e-01 1.005688661132308646e-03 9.999994718978826302e-01 -2.116467199536259446e-04 1.410143874525882426e-02 -6.745396319350202390e-03 2.184257837985369350e-04 9.999772256999690523e-01 4.141491831953703767e-02
9.999700787895533516e-01 -1.195336069687895830e-03 7.642819966725666013e-03 -1.063305361693507756e+00 1.201607256546046495e-03 9.999989451464810220e-01 -8.159938659748897701e-04 1.537443092701857444e-02 -7.641836517747637239e-03 8.251531183898183673e-04 9.999704602921533070e-01 4.600361051104954330e-02
9.999659895622519112e-01 -1.179198506036058117e-03 8.162671708115864372e-03 -1.204122669672831325e+00 1.185093654486236384e-03 9.999990404382276266e-01 -7.174090312713884889e-04 1.454094381275428290e-02 -8.161817907847802173e-03 7.270581623277940463e-04 9.999664274938432351e-01 4.531650742340049415e-02
9.999677342468846764e-01 -9.686942700650357429e-04 7.974465267537618821e-03 -1.340473018569633412e+00 9.734142292033303888e-04 9.999993533460338480e-01 -5.880240794158030689e-04 1.185189583428369886e-02 -7.973890495238675560e-03 5.957675643444801947e-04 9.999680305546320147e-01 4.924087282314369013e-02
9.999652956638219736e-01 -8.264868945265735562e-04 8.290017316870958511e-03 -1.503366735789311015e+00 8.339286222934948938e-04 9.999992524336338562e-01 -8.942568381697992572e-04 1.617262404960394945e-02 -8.289272027952192951e-03 9.011390863066376378e-04 9.999652373545404593e-01 5.996727155460358089e-02
9.999642590646993234e-01 8.589952508654706336e-05 8.454183236120155209e-03 -1.672459559117166261e+00 -7.693747252265552381e-05 9.999994348238928632e-01 -1.060392657075203337e-03 1.493142483244894007e-02 -8.454269545219245119e-03 1.059704314166539426e-03 9.999637005177491877e-01 6.149881163237908704e-02
9.999650111684614817e-01 9.166260483568337575e-04 8.314820218929966714e-03 -1.843949125679404499e+00 -9.078736506501145290e-04 9.999990299555916451e-01 -1.056339612622373726e-03 1.653789349662147801e-02 -8.315780421565164768e-03 1.048753846354223609e-03 9.999648733386969912e-01 5.951908358796789700e-02
9.999656623984110038e-01 1.532476543251479672e-03 8.144049329026440201e-03 -2.040761487610081026e+00 -1.531438217907645470e-03 9.999988184060242258e-01 -1.337296033062208649e-04 1.877058959252801001e-02 -8.144244643521682259e-03 1.212529029686046567e-04 9.999668277382229853e-01 6.555031769749627979e-02
9.999668060380745294e-01 2.137200540431791022e-03 7.862518399303573477e-03 -2.234609247091914774e+00 -2.142027977801909226e-03 9.999975224725144995e-01 6.056112958359980997e-04 1.890311485197350080e-02 -7.861204606883507098e-03 -6.224329275777690631e-04 9.999689065362495910e-01 7.547972077295872495e-02
9.999655437496373089e-01 3.178460958951200271e-03 7.668683011942121694e-03 -2.444888520629274975e+00 -3.183371944189515145e-03 9.999947356938923004e-01 6.282735340819749822e-04 2.544704496376438627e-02 -7.666645698721353923e-03 -6.526641564735411122e-04 9.999703978484316691e-01 7.869063813785566464e-02
9.999591968532227648e-01 4.381617831696637752e-03 7.899750220299791084e-03 -2.669895745643133367e+00 -4.387731134384223117e-03 9.999900875649444520e-01 7.566950592899695724e-04 2.648844661963142139e-02 -7.896356365947022893e-03 -7.913261637383805667e-04 9.999685101836780499e-01 8.164003982930008452e-02
9.999478073088310381e-01 5.960514555886782008e-03 8.297886730622415843e-03 -2.897795438404483281e+00 -5.971424301382474015e-03 9.999813380378133054e-01 1.290607602368193775e-03 2.909409379548926963e-02 -8.290039190346834563e-03 -1.340090444550034099e-03 9.999647390822045123e-01 8.461862102863289270e-02
9.999386830389740410e-01 7.275750522801141887e-03 8.348270258710231706e-03 -3.136613451504379757e+00 -7.293269299591282132e-03 9.999712613100824043e-01 2.069970268503777341e-03 3.437635462018600457e-02 -8.332969753068913618e-03 -2.130729527392571931e-03 9.999630101192203968e-01 9.532193895983219478e-02
9.999211941717043306e-01 8.874385766155663477e-03 8.879792970716117798e-03 -3.392404956692359974e+00 -8.895785577481881562e-03 9.999576151917115574e-01 2.373356090045701441e-03 3.988504000787430892e-02 -8.858354524861665122e-03 -2.452161789985596047e-03 9.999577573365699967e-01 1.034397977272590585e-01
9.998959941585101596e-01 1.041090596778165150e-02 9.980676449395483457e-03 -3.646417190348639981e+00 -1.043861425592034799e-02 9.999417946258987167e-01 2.728129912313007836e-03 4.571804002150747781e-02 -9.951693216375196577e-03 -2.832030602326628382e-03 9.999464702696380103e-01 1.116518239967805026e-01
9.998717973276117776e-01 1.202194265749316308e-02 1.057647404763766008e-02 -3.919315340793150249e+00 -1.204760920151378215e-02 9.999246247918703867e-01 2.366399676670222826e-03 5.907397816444989042e-02 -1.054722812245808584e-02 -2.493517523955888007e-03 9.999412674498450171e-01 1.202904268408662158e-01
9.998445858532780672e-01 1.369756693928976185e-02 1.109868458495494488e-02 -4.203344307360584509e+00 -1.371445431050161666e-02 9.999049056129202251e-01 1.446884323925668467e-03 6.088122753516894692e-02 -1.107781036743673425e-02 -1.598871860272096587e-03 9.999373609012457420e-01 1.351627956596746782e-01
9.998099404138985902e-01 1.531268410442371275e-02 1.206667952490573896e-02 -4.498232252655603780e+00 -1.531886160497151518e-02 9.998825712788823594e-01 4.196807386092948943e-04 6.211543776405829831e-02 -1.205883611155553550e-02 -6.044487679270772306e-04 9.999271068999135981e-01 1.387387134016138113e-01
9.997703622758422615e-01 1.678296848088383850e-02 1.332496467081888646e-02 -4.790786923276685982e+00 -1.677612718387065313e-02 9.998590755128354823e-01 -6.250371123778935027e-04 6.863552924623320117e-02 -1.333357683513152099e-02 4.013522782483172385e-04 9.999110233640986500e-01 1.443428522355513499e-01
9.997281732036386037e-01 1.842641841447995726e-02 1.428449533598022750e-02 -5.111892699897210512e+00 -1.842667724929159326e-02 9.998302079263737818e-01 -1.135055869003527985e-04 7.851300249621250005e-02 -1.428416144330136792e-02 -1.497410521761516659e-04 9.998979649491173127e-01 1.472847851547944287e-01
9.996759449509292628e-01 2.025774499479947657e-02 1.541521501183002081e-02 -5.438358020894739298e+00 -2.027791673457827668e-02 9.997937166413161103e-01 1.153367900099149055e-03 9.122135382544090121e-02 -1.538867047666482926e-02 -1.465582591854714539e-03 9.998805133057313554e-01 1.608052258915206312e-01
9.996339970981660272e-01 2.194644140791243703e-02 1.581851935981187091e-02 -5.772786740966926899e+00 -2.198767842286196428e-02 9.997552699217849836e-01 2.437675379257954727e-03 1.113878313405039372e-01 -1.576114979241650255e-02 -2.784595699796552255e-03 9.998719078881620481e-01 1.810709098685925333e-01
9.995912887559104121e-01 2.345185865700022063e-02 1.634826499937026487e-02 -6.117178872745429707e+00 -2.349953951239121264e-02 9.997201186507983506e-01 2.730569098381025080e-03 1.253375749327593491e-01 -1.627965250432338723e-02 -3.113629783391315929e-03 9.998626296766031096e-01 1.906594859537558140e-01
9.995425911660051899e-01 2.559768435656235852e-02 1.610487505028641506e-02 -6.467971563136914348e+00 -2.563438817489828436e-02 9.996692279699375128e-01 2.076726498186631797e-03 1.341963666616534101e-01 -1.604638861864285740e-02 -2.488615203679465666e-03 9.998681514112582880e-01 2.004844295465034176e-01
9.994903687931405711e-01 2.787348713729617330e-02 1.555864403508520379e-02 -6.825150108492293199e+00 -2.789578722856688939e-02 9.996100946646739871e-01 1.218072017262922160e-03 1.426152243061907243e-01 -1.551862572202583959e-02 -1.651471873309812979e-03 9.998782150323353157e-01 2.106367589425186815e-01
9.994407067359667440e-01 2.974337166501516208e-02 1.528416045311100160e-02 -7.194824310273250312e+00 -2.974966919816382158e-02 9.995573635555500269e-01 1.847824004218369712e-04 1.544845158012792541e-01 -1.527189907502411563e-02 -6.393777703126919979e-04 9.998831733230660879e-01 2.247565276202217188e-01
9.993695960015971380e-01 3.187217709453063486e-02 1.563889108934353803e-02 -7.575428863435784699e+00 -3.186242805536178974e-02 9.994918833694501625e-01 -8.722138854451192899e-04 1.707969284490577500e-01 -1.565874406408374400e-02 3.733709961335781691e-04 9.998773246395417091e-01 2.347797315001710905e-01
9.993197689759186764e-01 3.372611284765206219e-02 1.491806441016943832e-02 -7.956397125003178417e+00 -3.370833629419405647e-02 9.994306729626784014e-01 -1.441528944808275750e-03 1.882037360347410537e-01 -1.495818832058644701e-02 9.376852401107076346e-04 9.998876803663732105e-01 2.458427071160994015e-01
9.992649893951613960e-01 3.529071554818963286e-02 1.496817840698393132e-02 -8.351422234019041824e+00 -3.528015283417026277e-02 9.993769916360855099e-01 -9.692287947682070139e-04 2.026546751933709367e-01 -1.499305788430504299e-02 4.404367794870992121e-04 9.998875007872681797e-01 2.541288268629711689e-01
9.991996525414694741e-01 3.721989594121632994e-02 1.465379496127842442e-02 -8.745058484266367671e+00 -3.722649312809639399e-02 9.993068380976390941e-01 1.775971084316938680e-04 2.244269547386764097e-01 -1.463702736295442036e-02 -7.229643664551006245e-04 9.998926116100603778e-01 2.707997756490291286e-01
9.991384602003564597e-01 3.903191738558936530e-02 1.410130395735047226e-02 -9.161731800614361987e+00 -3.905421338396338621e-02 9.992362356310341420e-01 1.309129072714459909e-03 2.463684793816086349e-01 -1.403943606598166000e-02 -1.858716539649458641e-03 9.998997146752561793e-01 2.928614786231237277e-01
9.990553166161122434e-01 4.107845648373804892e-02 1.417867249154457568e-02 -9.571295578247182689e+00 -4.109218547031689983e-02 9.991551292709519583e-01 6.781923529084405225e-04 2.671786993299928303e-01 -1.413883425108563956e-02 -1.260184315598370918e-03 9.998992475751711240e-01 3.100886965897309833e-01
9.989767202370332111e-01 4.293269043589290762e-02 1.422309797554804217e-02 -9.996724035694809274e+00 -4.293493922292981185e-02 9.990778594702239834e-01 -1.473443739547931745e-04 2.884116386979915791e-01 -1.421630817080218011e-02 -4.634742476943789656e-04 9.998988357696467766e-01 3.202586739337087707e-01
9.988956113081567390e-01 4.516331515498844817e-02 1.295502501491397479e-02 -1.042939358491839208e+01 -4.516186306334459694e-02 9.989796005381088584e-01 -4.047634027123747191e-04 3.052794306119953616e-01 -1.296008617144139147e-02 -1.807566791093344837e-04 9.999159982185157336e-01 3.273733289712719707e-01
9.988675071121262405e-01 4.607038977488042003e-02 1.188370401916184933e-02 -1.087582098930023555e+01 -4.607444043404247680e-02 9.989380067992734702e-01 6.716119634084579272e-05 3.309554487901807951e-01 -1.186798946376201903e-02 -6.146201497216303511e-04 9.999293840407117440e-01 3.393455836310335649e-01
9.988282035996116637e-01 4.692539492229821918e-02 1.184174839172944665e-02 -1.131702434264398605e+01 -4.693696148032009546e-02 9.988976077774903706e-01 7.005879255372821426e-04 3.602882951856813398e-01 -1.179581877527845907e-02 -1.255582667241802487e-03 9.999296386103688761e-01 3.606805581450389653e-01
9.987822750361174950e-01 4.772035713203983537e-02 1.251936853351020770e-02 -1.176853546866632705e+01 -4.774712000852691929e-02 9.988577473869754142e-01 1.847434963841783524e-03 3.802255539514882710e-01 -1.241690799579661837e-02 -2.442949087959646760e-03 9.999199229915628484e-01 3.726050930924367788e-01
9.987210105812407424e-01 4.891192631125029777e-02 1.280493997304112119e-02 -1.223003885853188422e+01 -4.893930803466078894e-02 9.988000710242579405e-01 1.833644202096190202e-03 4.091669792614791024e-01 -1.269988788440027522e-02 -2.457963892262038201e-03 9.999163321303951024e-01 3.919944948327525602e-01
9.986606215761221206e-01 5.027062135854611785e-02 1.224040608063681722e-02 -1.269831616079323311e+01 -5.030134725447538840e-02 9.987316292593293454e-01 2.215215885802293474e-03 4.316198851913275458e-01 -1.211352042864664164e-02 -2.827957790230859348e-03 9.999226296456318330e-01 3.929543820536278709e-01
9.986625965922882875e-01 5.043666901211285580e-02 1.136488390196928842e-02 -1.318132664433531787e+01 -5.047062786746183555e-02 9.987218387060936564e-01 2.721142078418908265e-03 4.631459733237978105e-01 -1.121311240487057187e-02 -3.291095639896192849e-03 9.999317150683632027e-01 4.135742482321649316e-01
9.986642412099834276e-01 5.040092448137491188e-02 1.137893402298464397e-02 -1.367097744122166425e+01 -5.045254342225863331e-02 9.987172214340970244e-01 4.295634202978848570e-03 4.859491224990660774e-01 -1.114783343521140620e-02 -4.863992434720387434e-03 9.999260309578746897e-01 4.231596601486256604e-01
9.986850978348090768e-01 5.020348176350188096e-02 1.037717596855458613e-02 -1.415973296983108298e+01 -5.025347992043262962e-02 9.987258345180266561e-01 4.614674655733228166e-03 5.151794436401542221e-01 -1.013228099416940003e-02 -5.130096014196752069e-03 9.999355074186596637e-01 4.554484728133526561e-01
9.987013832324579399e-01 4.969550120053879000e-02 1.122070806946036739e-02 -1.466440893420696057e+01 -4.974963838306724340e-02 9.987511354505862471e-01 4.598142770249479157e-03 5.376544523557886812e-01 -1.097818791533121396e-02 -5.150397713799765957e-03 9.999264736936196440e-01 4.623422776262122169e-01
9.987294602419110046e-01 4.905619427087196116e-02 1.153061351932372670e-02 -1.516736647794650850e+01 -4.910642235021055874e-02 9.987850795393140579e-01 4.113900050093605675e-03 5.623161312062538997e-01 -1.131479246092328278e-02 -4.674900353949852129e-03 9.999250575808762420e-01 4.759246858853414253e-01
9.987453044106656685e-01 4.847940816785260149e-02 1.255244601297912828e-02 -1.568846671313176877e+01 -4.853206109167178955e-02 9.988139157283598690e-01 3.924384484725727817e-03 5.920463003052706119e-01 -1.234730591690608170e-02 -4.528656653567597438e-03 9.999135139127686145e-01 4.894231790459454001e-01
9.987455319372394724e-01 4.810630478036910518e-02 1.389769316616205029e-02 -1.620363146189657044e+01 -4.816463503451596379e-02 9.988318233061749263e-01 3.893158468182488299e-03 6.155173957353848868e-01 -1.369417273703425059e-02 -4.557651944384880430e-03 9.998958432965278087e-01 5.092857546533732238e-01
9.987506318372747494e-01 4.762336114818764565e-02 1.513905139533777873e-02 -1.673069260937609570e+01 -4.768619371244881000e-02 9.988550747091647919e-01 3.816629005700454633e-03 6.394199594516483121e-01 -1.493995761096377980e-02 -4.533784368386887739e-03 9.998781138047558859e-01 5.308287458117515456e-01
9.987684035016871631e-01 4.712178216873599140e-02 1.553105957380432854e-02 -1.727107770180107238e+01 -4.720304158247890652e-02 9.988732599983369820e-01 4.907476505571003490e-03 6.690703502658353896e-01 -1.528231106877503583e-02 -5.634545725568223043e-03 9.998673426323799740e-01 5.402751630963420482e-01
9.988084530259949689e-01 4.669793211180970488e-02 1.417664628346187658e-02 -1.781381454820871113e+01 -4.677956940081475640e-02 9.988901913809156152e-01 5.482467479464253439e-03 6.974946215966496554e-01 -1.390489302501978115e-02 -6.139112270612136386e-03 9.998844759522800274e-01 5.623388388693839612e-01
9.988461397565207012e-01 4.617257868457324416e-02 1.320916616047683630e-02 -1.837377269170330152e+01 -4.625468219652167923e-02 9.989117858056801857e-01 5.979009398924918679e-03 7.182382935096015553e-01 -1.291872547639220242e-02 -6.583096240513396612e-03 9.998948791627189081e-01 5.838341155801912707e-01
9.988566307584570980e-01 4.608684613436857952e-02 1.270566026563311676e-02 -1.892905528524586245e+01 -4.615855112429752272e-02 9.989194810319296236e-01 5.409119428237420778e-03 7.461826851424236962e-01 -1.244264230385624427e-02 -5.989409676393854347e-03 9.999046492661693986e-01 6.053317529315037637e-01
9.988924552752440622e-01 4.541941652786231354e-02 1.228573953787673138e-02 -1.949718402840106179e+01 -4.548201130074273207e-02 9.989533149558516012e-01 4.864276588936196528e-03 7.695107687942266406e-01 -1.205194763349970617e-02 -5.417669329555318755e-03 9.999126958975718127e-01 6.138228337262898737e-01
9.989003764237337490e-01 4.508622464758288428e-02 1.285575073943984008e-02 -2.008114510169443179e+01 -4.515302078109912493e-02 9.989678003523581040e-01 4.953642446579490689e-03 8.047650411375717461e-01 -1.261914000183874014e-02 -5.528671284846839451e-03 9.999050910458019414e-01 6.383507016062485162e-01
9.988874550417898845e-01 4.492068113983797850e-02 1.435216240112375564e-02 -2.065967950697499589e+01 -4.500074764642862657e-02 9.989728664284939219e-01 5.305172087078608573e-03 8.280359063636980599e-01 -1.409910886953409832e-02 -5.945127883009944381e-03 9.998829284388321970e-01 6.578162938493771206e-01
9.988770250961764852e-01 4.452085905307978653e-02 1.620437730066605006e-02 -2.125009710254278517e+01 -4.460721269225068064e-02 9.989920552538316123e-01 5.007006643016517246e-03 8.541799273212735688e-01 -1.596512794662042004e-02 -5.724216005005241734e-03 9.998561636758814819e-01 6.820665743726486152e-01
9.987963457118448352e-01 4.382890504449098862e-02 2.202014701985578055e-02 -2.185084222651180497e+01 -4.394984148131165363e-02 9.990210345487118282e-01 5.038249989381161052e-03 8.770386745299100228e-01 -2.177776907626569752e-02 -5.999967649090505450e-03 9.997448320257249499e-01 7.026665968015675112e-01
9.983014301556984993e-01 4.414846972470919118e-02 3.801535439214948769e-02 -2.243437725215989076e+01 -4.443868886464694828e-02 9.989888134629293370e-01 6.823013108841195773e-03 9.019579429491835221e-01 -3.767568818986570534e-02 -8.500776250436211517e-03 9.992538612997362568e-01 7.445523937140128279e-01
9.975357988913484686e-01 4.398348009928882557e-02 5.466062026778283067e-02 -2.301341050680692746e+01 -4.456763161383765770e-02 9.989610683479178688e-01 9.513681594493516441e-03 9.411819258097855467e-01 -5.418538679412510800e-02 -1.192633235763754067e-02 9.984596669141608816e-01 7.845246583734135637e-01
9.969716306681430940e-01 4.407164888725909058e-02 6.407228267170035629e-02 -2.361596912386315239e+01 -4.511308625267107519e-02 9.988707836241659255e-01 1.489855935193540142e-02 9.808113963211889663e-01 -6.334332712412735211e-02 -1.774393942627907825e-02 9.978340420743081474e-01 8.162003553873407036e-01
9.971818478415050979e-01 4.456146303764915717e-02 6.035427364189706323e-02 -2.422853919869293193e+01 -4.576172223039381981e-02 9.987782339370347984e-01 1.865219000771784277e-02 1.024451907866588130e+00 -5.944936596294813497e-02 -2.136154080400581162e-02 9.980027341951286379e-01 8.795253644106779678e-01
9.981907470811348659e-01 4.492040542353599453e-02 3.996735690134309293e-02 -2.488808903049280374e+01 -4.563147272804785048e-02 9.988126571258226782e-01 1.706003112191600488e-02 1.057815994053566078e+00 -3.915355843033693078e-02 -1.885293456726910150e-02 9.990553366657514145e-01 9.172681212961217856e-01
9.989221165901689403e-01 4.453578688046933021e-02 1.308314463095667894e-02 -2.557229880887462059e+01 -4.472248857936744759e-02 9.988964905735644439e-01 1.434224999930297853e-02 1.070812266804068713e+00 -1.242996386812290216e-02 -1.491190151230874228e-02 9.998115478385922739e-01 9.126206983452207488e-01
9.990080449599539891e-01 4.342978788998081568e-02 -9.837663777292825554e-03 -2.626072808912476830e+01 -4.329145055994323976e-02 9.989662894307169694e-01 1.386372566801893913e-02 1.090086303066379658e+00 1.042959314544326770e-02 -1.342408674042795506e-02 9.998554983005725205e-01 9.150981195655905065e-01
9.988363825703645560e-01 4.154134559658000797e-02 -2.449892771613915513e-02 -2.692199641524427278e+01 -4.116266305635639389e-02 9.990280904690874708e-01 1.576418801444494019e-02 1.114794022770982718e+00 2.512998255719724530e-02 -1.473740342368568858e-02 9.995755563822498191e-01 9.208950287084649577e-01
9.988689823510995547e-01 4.002358921544815068e-02 -2.566843202561996592e-02 -2.759415011895259440e+01 -3.953932478358997138e-02 9.990353694672146068e-01 1.910424950428185956e-02 1.150153492128627386e+00 2.640829210683353842e-02 -1.806772979037821886e-02 9.994879485256961127e-01 9.494125281228824598e-01
9.990913182616406596e-01 3.858100900576495046e-02 -1.811197166991888874e-02 -2.826676286496519452e+01 -3.825085310580563641e-02 9.991017872018732593e-01 1.823433702276699639e-02 1.194536858826600767e+00 1.879920238610268898e-02 -1.752496944590210132e-02 9.996696781614662353e-01 9.828997713920196722e-01
9.992826970626507155e-01 3.780166984784662232e-02 -2.263869996964304899e-03 -2.893880688672744128e+01 -3.776691647835287574e-02 9.991911271319036114e-01 1.381128091646237170e-02 1.216027741840925103e+00 2.784128295378077329e-03 -1.371587465499978474e-02 9.999020569095580235e-01 9.941696449218682119e-01
9.991323062491378471e-01 3.693968324086775723e-02 1.923783799688006529e-02 -2.963404384667152414e+01 -3.707634587244542507e-02 9.992893257314515720e-01 6.796179506802746753e-03 1.223655890129775825e+00 -1.897311744214767379e-02 -7.503551239724306175e-03 9.997918371007030736e-01 9.819873829365614037e-01
