9.999999999999998890e-01 -1.711082414847437995e-18 2.784860009945165567e-18 -4.656530716573571351e-10 4.301633754222350632e-18 9.999999999999998890e-01 5.529980049184032591e-18 2.719380276516882260e-12 -6.920509419445063123e-19 3.273728816503402892e-18 1.000000000000000000e+00 3.635314271832101647e-12
9.999999798307172005e-01 -1.421514609581691247e-04 1.418856122503732171e-04 -3.182668379977676102e-03 1.421502428309971851e-04 9.999999898597142778e-01 8.595324056820199490e-06 1.537286417930832857e-03 -1.418868326494479560e-04 -8.575154809209483472e-06 9.999999898972966594e-01 2.450008252256011699e-03
9.999999781442779900e-01 -1.116852677885938835e-04 1.767423089916494560e-04 -1.362640468074973561e-03 1.117049731558789597e-04 9.999999875464202770e-01 -1.114861337810273627e-04 6.710037111632674751e-03 -1.767298554317770442e-04 1.115058743393443173e-04 9.999999781664988818e-01 4.256664982422449201e-05
9.999999762114324398e-01 1.331863448334530062e-04 1.727383283935454554e-04 9.824273475711178469e-03 -1.331879170391253521e-04 9.999999910891734789e-01 9.090190131403071326e-06 6.138860374427554389e-03 -1.727371161648384192e-04 -9.113196573163756463e-06 9.999999850394190037e-01 5.121633075030889055e-03
9.999999641342195433e-01 8.138050560177367463e-05 2.551642024504098419e-04 6.315818596209554769e-03 -8.142636309035783154e-05 9.999999805366132088e-01 1.797123257924320436e-04 5.152463337584977689e-03 -2.551495724036977161e-04 -1.797330964396643685e-04 9.999999512973534177e-01 1.026740927612693546e-02
9.999999755727185802e-01 2.133869725721948779e-04 5.762429088307568570e-05 9.544353828774550935e-03 -2.133992496191029970e-04 9.999999545179047988e-01 2.131312936115482446e-04 7.184511603654135554e-03 -5.757880882013581607e-05 -2.131435853854851778e-04 9.999999756272456297e-01 1.083919018656544914e-02
9.999999112419883929e-01 1.535380907059385211e-04 3.923545146944854142e-04 1.333603458588693801e-02 -1.535003721741743093e-04 9.999999835952422256e-01 -9.616210764302058744e-05 9.627189729483535616e-03 -3.923692728036779192e-04 9.610187254419628555e-05 9.999999184053877110e-01 8.710329819994363371e-03
9.999999387376576898e-01 1.883681491269196986e-04 2.950290075979847249e-04 1.013765499612212344e-02 -1.883665333847448246e-04 9.999999822438759844e-01 -5.504329437944036773e-06 3.767419994750431916e-03 -2.950300391988981414e-04 5.448755509746244182e-06 9.999999564637913618e-01 8.286649416589910236e-03
9.999999826007807124e-01 1.359948934622194779e-04 1.276864089571008872e-04 9.954186667263872912e-03 -1.360251872592317343e-04 9.999999625993735153e-01 2.372728416721706405e-04 6.076459513506292376e-03 -1.276541362857136659e-04 -2.372902061110140253e-04 9.999999636988874396e-01 1.094799145431818443e-02
9.999999476073193616e-01 1.357562353914386333e-04 2.938632200807427485e-04 1.170813727760050722e-02 -1.357969569043621842e-04 9.999999811805034833e-01 1.385575017611906834e-04 1.046441938689265418e-02 -2.938444045043899183e-04 -1.385974002323096571e-04 9.999999472231096975e-01 8.400886145728160212e-03
9.999999497577740648e-01 1.460258352477899709e-04 2.813554531148949487e-04 1.002716651220118826e-02 -1.460499772449012771e-04 9.999999856549636190e-01 8.578740683077287017e-05 1.061942123236144127e-02 -2.813429218997697575e-04 -8.582849447756541242e-05 9.999999567398114575e-01 1.261576330942078099e-02
9.999999586031110832e-01 1.722169733998288863e-04 2.305104625248695469e-04 9.146356790535029382e-03 -1.722320716778053473e-04 9.999999830241722565e-01 6.548107317605616237e-05 9.175600300005101392e-03 -2.304991816580357310e-04 -6.552077175918071461e-05 9.999999712885745407e-01 9.991761952169511685e-03
9.999999221748733236e-01 1.575944861587079047e-04 3.616824645436172211e-04 1.169641654827301321e-02 -1.576023807135618180e-04 9.999999873431493214e-01 2.179891426883524762e-05 7.900149783814999424e-03 -3.616790245755159431e-04 -2.185591458906024068e-05 9.999999343552954389e-01 1.541654382286761216e-02
9.999999380037511987e-01 2.093837063746622920e-04 2.831094025054822620e-04 1.027615563750732507e-02 -2.094327487846648706e-04 9.999999630682441243e-01 1.732092242995614153e-04 1.028887069909922847e-02 -2.830731248585601823e-04 -1.732685059407184877e-04 9.999999449238099469e-01 8.256628990780107494e-03
9.999998911914834698e-01 2.416787990331613041e-04 3.990092130825662140e-04 1.393452173717449165e-02 -2.416553819367149374e-04 9.999999690764217464e-01 -5.873527463105953782e-05 4.381579597668306368e-03 -3.990233958123807329e-04 5.863884551744265083e-05 9.999999186709001009e-01 1.499095516983885504e-02
9.999999199355185109e-01 1.682841758884209783e-04 3.630555907956746291e-04 1.374308414681494998e-02 -1.683310634109482027e-04 9.999999774963052035e-01 1.291202638590052123e-04 6.455328747577959367e-03 -3.630338537261654100e-04 -1.291813670535050986e-04 9.999999257592903090e-01 1.034182760868169668e-02
9.999999420063386824e-01 1.985587064061197077e-04 2.766978942591810393e-04 1.393084408155048290e-02 -1.985723732922541453e-04 9.999999790659946930e-01 4.936621732538268032e-05 1.318628995213739531e-02 -2.766880863721558241e-04 -4.942115901858646590e-05 9.999999605006200110e-01 1.447459647638217779e-02
9.999999433332349419e-01 1.824711333466514783e-04 2.829094804821755561e-04 1.364389777297349803e-02 -1.824952145419879554e-04 9.999999797270572310e-01 8.509631702752716836e-05 1.513263299822998308e-02 -2.828939471227674652e-04 -8.514794183015655157e-05 9.999999563604149433e-01 1.374042227025606792e-02
9.999998984425039206e-01 2.431168897168135238e-04 3.794853332670576032e-04 1.136567636580615437e-02 -2.431887171972847456e-04 9.999999525234744002e-01 1.892413771936841775e-04 7.603987957509195615e-03 -3.794393074725613789e-04 -1.893336445244547198e-04 9.999999100892815740e-01 1.345804279424313646e-02
9.999998863992138887e-01 2.545456838929323123e-04 4.029987701608313288e-04 1.643542368342296167e-02 -2.545772880855928962e-04 9.999999645240231771e-01 7.837320404875800959e-05 9.318343010811800872e-03 -4.029788063001767616e-04 -7.847578947755719085e-05 9.999999157248062875e-01 1.436271359424506205e-02
9.999998718568842149e-01 2.164534253106221117e-04 4.576396839279883808e-04 1.677283570223430526e-02 -2.164334302803639710e-04 9.999999756216612079e-01 -4.374071209022317025e-05 4.440074239458299127e-03 -4.576491405951814613e-04 4.364165796067437212e-05 9.999998943263227469e-01 1.293131401898984026e-02
9.999999855616626965e-01 1.170245259729676230e-04 1.232147778772562231e-04 8.433990423901575884e-03 -1.170622310140679266e-04 9.999999463155295754e-01 3.060479952168959194e-04 7.598848970225826824e-03 -1.231789561374626262e-04 -3.060624145925952924e-04 9.999999455763635137e-01 1.016709404854066259e-02
9.999999281348950220e-01 2.704523900341951727e-04 2.656796062190565637e-04 1.468641404889635058e-02 -2.704577756699476951e-04 9.999999632215600398e-01 2.023545842650576615e-05 -1.106468039381456638e-03 -2.656741237158995357e-04 -2.030731208519288047e-05 9.999999645024291173e-01 1.986942145596485090e-02
9.999997852798810927e-01 1.960205923072333813e-04 6.253127690651396351e-04 1.273205933223595619e-02 -1.960326572376766996e-04 9.999999806006466541e-01 1.923300498594203542e-05 1.422889992229987681e-02 -6.253089868653452857e-04 -1.935558257742575394e-05 9.999998043069899811e-01 1.590138652415655843e-02
9.999998474649489655e-01 1.645391686019004578e-04 5.272540915639822032e-04 7.313638835011359446e-03 -1.645770666853516105e-04 9.999999838770178284e-01 7.183564026019203803e-05 1.325421374744717613e-02 -5.272422632821067599e-04 -7.192240323188770640e-05 9.999998584213648511e-01 1.910339201285062016e-02
9.999998852607231425e-01 2.041865847985549856e-04 4.333431802605135349e-04 1.376419843057325072e-02 -2.043370841455366134e-04 9.999999188206288858e-01 3.472824469414654723e-04 1.359431221713493232e-02 -4.332722346603762624e-04 -3.473709551736306228e-04 9.999998458042761440e-01 1.779695320218774995e-02
9.999999571237211393e-01 1.223015051391404030e-04 2.660729736485183193e-04 1.085964165184657125e-02 -1.223345230089198485e-04 9.999999848191430951e-01 1.240805617196124385e-04 1.588250195766918033e-02 -2.660577943646566176e-04 -1.241131063068422310e-04 9.999999569045853187e-01 2.055836502079532932e-02
9.999998074717916241e-01 2.408039640602681309e-04 5.719001278097595982e-04 1.703550044817092254e-02 -2.407699591308089802e-04 9.999999692431462694e-01 -5.952765785073874859e-05 1.111841631332757471e-02 -5.719144447103390559e-04 5.938995002272648568e-05 9.999998346933297588e-01 1.732345814081143187e-02
9.999998323895865626e-01 1.909424441793778108e-04 5.465909832146836162e-04 1.376332372892442174e-02 -1.908707681380016042e-04 9.999999731798184799e-01 -1.311820197131318485e-04 1.162323656053570152e-02 -5.466160167645984841e-04 1.310776694881079965e-04 9.999998420147672151e-01 1.527328986840749588e-02
9.999998371957810051e-01 2.866205317296779921e-04 4.934136185548960519e-04 1.241876173888746202e-02 -2.866708438254250528e-04 9.999999537181452069e-01 1.018996865054565482e-04 1.218874615119915766e-02 -4.933843891702090027e-04 -1.020411172107390743e-04 9.999998730797113877e-01 1.657153315836859889e-02
9.999999280143107017e-01 9.355592307432408447e-05 3.677207838194116482e-04 1.029549786001251327e-02 -9.362171167236142655e-05 9.999999796156084919e-01 1.788959773567110122e-04 1.564670201648598463e-02 -3.677040395386740944e-04 -1.789303911243896538e-04 9.999999163888155795e-01 1.882597906207472693e-02
9.999999091512700167e-01 4.588129554383034496e-05 4.237832765511257002e-04 1.637609237021474956e-02 -4.592493732911352602e-05 9.999999936438175308e-01 1.029722279155100218e-04 1.442869598283944357e-02 -4.237785493511431146e-04 -1.029916807772555493e-04 9.999999049022143538e-01 1.736876629200032746e-02
9.999998432496740586e-01 5.515012171019783395e-05 5.571884721001904486e-04 1.065186357646087309e-02 -5.522312122415921318e-05 9.999999898947754540e-01 1.309995131893798776e-04 1.233598547790723358e-02 -5.571812418230238624e-04 -1.310302623377342427e-04 9.999998361900447330e-01 1.872100562034312993e-02
9.999998726970051877e-01 1.972690223990518766e-04 4.644252403008665257e-04 1.049150424831542076e-02 -1.973009938743397593e-04 9.999999781697131995e-01 6.879614991940280282e-05 1.138998425869827517e-02 -4.644116588051016409e-04 -6.888777271881630769e-05 9.999998897881274829e-01 1.598645707148525427e-02
9.999998511868182227e-01 1.812924259381126053e-04 5.145476571626066316e-04 1.329784185503321559e-02 -1.812718498631896082e-04 9.999999827688675902e-01 -4.003501423367881627e-05 1.221160674617679728e-02 -5.145549063327348486e-04 3.994173527457712739e-05 9.999998668189343798e-01 1.879992885299423475e-02
9.999998450768379232e-01 2.711196138288521178e-04 4.861484803128378373e-04 1.330549778734300796e-02 -2.711484596584889245e-04 9.999999614827707051e-01 5.927051197811870014e-05 1.393261585778049830e-02 -4.861323921804901367e-04 -5.940232120290915102e-05 9.999998800733130855e-01 1.850633455293311871e-02
9.999998563241127014e-01 2.483876580103833555e-04 4.750318000039285534e-04 1.099903843611310834e-02 -2.484266160473761397e-04 9.999999657838757328e-01 8.195419170997690845e-05 1.289228517215179094e-02 -4.750114273310444748e-04 -8.207219047313828880e-05 9.999998838141319624e-01 1.868194217887473793e-02
9.999998659704616433e-01 2.643333570488915971e-04 4.451817793577107513e-04 1.076582784637293913e-02 -2.644044494725233669e-04 9.999999523024122317e-01 1.596417496015065975e-04 1.423061798522696347e-02 -4.451395594741597577e-04 -1.597594362433858023e-04 9.999998881638297865e-01 1.753813196580752271e-02
9.999997373619080587e-01 1.742646446796920735e-04 7.034968552670769560e-04 1.261169463761075034e-02 -1.742470084375982904e-04 9.999999845032311319e-01 -2.513060394046692680e-05 1.033330420150869837e-02 -7.035012237306144780e-04 2.500801512253662386e-05 9.999997522302710440e-01 1.792998549941659386e-02
9.999998869450985595e-01 1.636929751399248669e-04 4.464462703539897118e-04 1.299741723377246735e-02 -1.637267326522288675e-04 9.999999837407514969e-01 7.557834103130288850e-05 1.379846077284931950e-02 -4.464338914409135312e-04 -7.565142767112226891e-05 9.999998974868037349e-01 1.342013057143990641e-02
9.999998591160568218e-01 2.305723379771269582e-04 4.781256434982012111e-04 1.505506252231292134e-02 -2.305748630768468532e-04 9.999999734039760613e-01 5.226142262990110388e-06 8.768480870832611254e-03 -4.781244257670279351e-04 -5.336385276609336667e-06 9.999998856842592376e-01 1.522652535165983610e-02
9.999998661299664970e-01 1.616443137203256908e-04 4.915394469321191732e-04 1.322010427672700057e-02 -1.616770373147940131e-04 9.999999847168519196e-01 6.653469306824394630e-05 1.110169665847265778e-02 -4.915286844536192979e-04 -6.661415479782392863e-05 9.999998769810329868e-01 1.109219785504391223e-02
9.999998211175588070e-01 1.757142903800957743e-04 5.717422464597828958e-04 1.446788087334979593e-02 -1.757527718893051255e-04 9.999999822938032690e-01 6.725615747268106172e-05 1.085199677965823298e-02 -5.717304184566814182e-04 -6.735663072143425155e-05 9.999998342936792239e-01 1.102210353952603160e-02
9.999994448737425934e-01 9.252241307691637438e-05 1.049615006672292329e-03 2.055155172421168838e-02 -9.245774137849849489e-05 9.999999938246354469e-01 -6.166303549515154557e-05 9.107017498155364418e-03 -1.049620705391302250e-03 6.156595623648760025e-05 9.999994472528370704e-01 1.293810222624331742e-02
9.999944841022710973e-01 -1.160047506532280355e-04 3.319383644155723956e-03 1.318492646574737429e-02 1.195637710213107689e-04 9.999994182442500934e-01 -1.072014786159892000e-03 1.421351508481119921e-02 -3.319257354264662681e-03 1.072405751066982278e-03 9.999939162197396536e-01 2.407947125894044360e-02
9.999909285799662984e-01 -1.134975167134881057e-04 4.257919202096084425e-03 1.313497632941543203e-03 1.183132078208753264e-04 9.999993536899944857e-01 -1.130761519632450659e-03 1.897927234706552405e-02 -4.257788111522868395e-03 1.131255030104261813e-03 9.999902957041248985e-01 2.042704047047333785e-02
9.999941553015421203e-01 1.940310949399454989e-04 3.413460784153765030e-03 2.801124441873312134e-03 -1.913602504276183235e-04 9.999996753387099258e-01 -7.827539625649474180e-04 1.264064586929168447e-02 -3.413611554530403790e-03 7.820961868986166200e-04 9.999938677720361380e-01 1.962611801168178197e-02
9.999955522300065791e-01 -1.854817497667355763e-04 2.976762764243453228e-03 -1.617892666120784861e-02 1.878184009445775298e-04 9.999996744822938766e-01 -7.847035055028244799e-04 1.194923141028070117e-02 -2.976616247061659396e-03 7.852591061496203007e-04 9.999952615506831899e-01 2.214179165059628265e-02
9.999961931146761351e-01 -1.880102137602626957e-05 2.759239478719092281e-03 -3.182081130580609318e-02 2.052041969876284820e-05 9.999998056532272139e-01 -6.231151244675094732e-04 8.404773893353055525e-03 -2.759227227255033749e-03 6.231693730970799469e-04 9.999959991544986604e-01 2.328724188094564301e-02
9.999961178765304215e-01 9.218879606475683408e-06 2.786421845127807443e-03 -4.926102820067775057e-02 -6.582233474070825866e-06 9.999995522783324819e-01 -9.462556991286066909e-04 7.973336675422453348e-03 -2.786429320989293728e-03 9.462336847733617039e-04 9.999956702173334877e-01 2.528250326686024008e-02
9.999951196817709054e-01 3.094269372728257868e-05 3.124044654476415637e-03 -7.049994897540506900e-02 -2.738221548306185766e-05 9.999993501237969262e-01 -1.139737793771660639e-03 8.093012044674972177e-03 -3.124077890776700075e-03 1.139646688230075379e-03 9.999944706560719432e-01 2.401411706759597545e-02
9.999898849428844327e-01 -4.671353959131386912e-05 4.497535944216759889e-03 -9.751683314563312777e-02 5.512300757650326138e-05 9.999982506113030967e-01 -1.869688698427307517e-03 1.318206831925572767e-02 -4.497440736485671178e-03 1.869917704132901745e-03 9.999881381469277741e-01 3.061122880706082863e-02
9.999883513662525258e-01 -2.478156011019938890e-04 4.820344285891761497e-03 -1.204861334545183904e-01 2.542330742783568791e-04 9.999990822163749016e-01 -1.330763688572992893e-03 1.149133057210987609e-02 -4.820010077839315295e-03 1.331973677946698747e-03 9.999874965962955997e-01 2.672797921264725290e-02
9.999873622966827247e-01 -3.490163142883305567e-04 5.015319963136765508e-03 -1.583068685438101808e-01 3.546300808858978445e-04 9.999993116219988432e-01 -1.118478018681677956e-03 1.108755196783399108e-02 -5.014926143608672109e-03 1.120242467018176544e-03 9.999867976991211327e-01 3.253641650319512996e-02
9.999862100925247521e-01 -1.659520137560166161e-04 5.249007954861410405e-03 -1.994177355711770350e-01 1.700072632737957090e-04 9.999996874504156752e-01 -7.721377122464242711e-04 9.443944825241867153e-03 -5.248878176460941569e-03 7.730194340218064569e-04 9.999859257603556095e-01 3.164394622523067357e-02
9.999856684638142035e-01 -2.641899063004322316e-04 5.347248868292168826e-03 -2.495658982992486341e-01 2.681178287045266669e-04 9.999996947772389344e-01 -7.338653182663296267e-04 1.094413644474157184e-02 -5.347053356363002524e-03 7.352884936108547301e-04 9.999854340795099050e-01 2.887502290171373859e-02
9.999852580470597330e-01 -2.047867825108931736e-04 5.426025314347342546e-03 -3.025202776687525574e-01 2.100196268344982711e-04 9.999995134471052483e-01 -9.638450896731229432e-04 8.830878441760205144e-03 -5.425825291546388165e-03 9.649704525318339443e-04 9.999848145106404740e-01 3.107100836892753154e-02
9.999839195716115903e-01 -6.787755752778063000e-05 5.670625239995468261e-03 -3.696502071551159285e-01 7.409198848577774757e-05 9.999993969803514515e-01 -1.095695833777185577e-03 6.822356830402205238e-03 -5.670547447321675968e-03 1.096098362424883068e-03 9.999833215909027517e-01 3.039410336142671712e-02
9.999827185443092015e-01 -3.320580218897938355e-04 5.869612421383172025e-03 -4.389400878853970123e-01 3.399456767931086153e-04 9.999990405744544342e-01 -1.342865279345057013e-03 1.077691192176473932e-02 -5.869160880719969178e-03 1.344837422051601335e-03 9.999818720170932096e-01 3.003442927330881446e-02
9.999800131589154928e-01 -4.296043592949573813e-04 6.307830257625919243e-03 -5.191787138142321956e-01 4.373783506730255424e-04 9.999991465370942079e-01 -1.231107352692513380e-03 9.479514743750153127e-03 -6.307295985022019769e-03 1.233841655146226610e-03 9.999793476127750713e-01 3.155635403042566373e-02
9.999793890632775462e-01 -3.995828285585569396e-04 6.407946782098448806e-03 -6.122508527658843125e-01 4.052262420820169886e-04 9.999995312098125533e-01 -8.794156591928925818e-04 1.113715715370794043e-02 -6.407592378699550166e-03 8.819942018127118182e-04 9.999790822042620153e-01 3.568774447292610147e-02
9.999780709461755235e-01 -5.729008758754003047e-04 6.597682253087172426e-03 -7.109388487343998309e-01 5.763525872771310329e-04 9.999996980419589843e-01 -5.212808660639078146e-04 1.316608182639086334e-02 -6.597381618578960875e-03 5.250720261107214579e-04 9.999780991877200709e-01 3.496708499280295340e-02
9.999792160480772685e-01 -8.921510265065466221e-04 6.385259444654783380e-03 -8.176525795800924090e-01 8.931729493976093767e-04 9.999995887659682836e-01 -1.571942551794676846e-04 1.533976424938857108e-02 -6.385116577781952199e-03 1.628941290788860508e-04 9.999796016678182964e-01 3.572055306969244143e-02
9.999767438376444550e-01 -1.004238999922918950e-03 6.745612473740025296e-03 -9.326124050142936550e-01 1.005689544089385457e-03 9.999994718970165453e-01 -2.116466112874856767e-04 1.410144038496772244e-02 -6.745396367559441941e-03 2.184256811393217948e-04 9.999772256996668496e-01 4.141486686647445625e-02
9.999700787881012909e-01 -1.195336967344252845e-03 7.642820016342754229e-03 -1.063305370771965963e+00 1.201608153419494182e-03 9.999989451454930345e-01 -8.159937547792675073e-04 1.537443248962860887e-02 -7.641836566757560963e-03 8.251530141106024627e-04 9.999704602918654262e-01 4.600355824678840910e-02
9.999659895607664328e-01 -1.179199417724028460e-03 8.162671758435430594e-03 -1.204122678892408649e+00 1.185094565315291141e-03 9.999990404372287589e-01 -7.174089178648770937e-04 1.454094528680082050e-02 -8.161817957638844989e-03 7.270580564185073888e-04 9.999664274935143871e-01 4.531645434875524597e-02
9.999677342455817186e-01 -9.686951957867554006e-04 7.974465318530792046e-03 -1.340473027928397620e+00 9.734151540678576912e-04 9.999993533452002925e-01 -5.880239644386717375e-04 1.185189722235168233e-02 -7.973890545792207407e-03 5.957674567952312827e-04 9.999680305542935077e-01 4.924081893820075884e-02
9.999652956626139400e-01 -8.264878342596000856e-04 8.290017368945835907e-03 -1.503366745293375217e+00 8.339295611353558096e-04 9.999992524329547328e-01 -8.942567211544547945e-04 1.617262532594613070e-02 -8.289272079277758276e-03 9.011389771207173501e-04 9.999652373542139427e-01 5.996721686006015878e-02
9.999642590643333939e-01 8.589857133466682914e-05 8.454183289154398873e-03 -1.672459568761828441e+00 -7.693651968642327237e-05 9.999994348240914821e-01 -1.060392538157036574e-03 1.493142598796813776e-02 -8.454269597233577196e-03 1.059704203303608611e-03 9.999637005174273341e-01 6.149875612928094176e-02
9.999650111689014631e-01 9.166250805778437816e-04 8.314820272766325696e-03 -1.843949135467546352e+00 -9.078726837840884849e-04 9.999990299565960639e-01 -1.056339492090267946e-03 1.653789452627283524e-02 -8.315780474277043033e-03 1.048753733817242139e-03 9.999648733383771360e-01 5.951902727625926759e-02
9.999656623994787052e-01 1.532475561395914721e-03 8.144049382766025899e-03 -2.040761497541917713e+00 -1.531437237007544092e-03 9.999988184075420117e-01 -1.337294811948698862e-04 1.877059047029567759e-02 -8.144244696955139570e-03 1.212527887677906766e-04 9.999668277378019887e-01 6.555026057857854527e-02
9.999668060397806091e-01 2.137199544509122470e-03 7.862518453106072391e-03 -2.234609257165201424e+00 -2.142026982853619671e-03 9.999975224745700775e-01 6.056114194115108781e-04 1.890311557846226231e-02 -7.861204661041084826e-03 -6.224330434426596616e-04 9.999689065357523221e-01 7.547966284706562889e-02
9.999655437524296309e-01 3.178459949001034238e-03 7.668683066513829090e-03 -2.444888530850761743e+00 -3.183370935204762192e-03 9.999947356970249057e-01 6.282736592021515715e-04 2.544704551912926188e-02 -7.666645753553645408e-03 -6.526642740272979885e-04 9.999703978479350663e-01 7.869057940529343431e-02
9.999591968572740797e-01 4.381616807714675162e-03 7.899750275535100466e-03 -2.669895756007372167e+00 -4.387730111417946326e-03 9.999900875693361613e-01 7.566951863840354212e-04 2.648844698602363310e-02 -7.896356421434455250e-03 -7.913262829915048693e-04 9.999685101831460310e-01 8.163998029168585691e-02
9.999478073145590118e-01 5.960513517853724061e-03 8.297886786100279466e-03 -2.897795448913088379e+00 -5.971423264460456147e-03 9.999813380438377086e-01 1.290607731615770392e-03 2.909409396679889931e-02 -8.290039246442977919e-03 -1.340090565525277376e-03 9.999647390815780135e-01 8.461856068612196025e-02
9.999386830461673981e-01 7.275749470703640753e-03 8.348270314161311198e-03 -3.136613462159728805e+00 -7.293268248669700603e-03 9.999712613174751574e-01 2.069970399550346337e-03 3.437635458281976253e-02 -8.332969809804479516e-03 -2.130729650077037816e-03 9.999630101184869835e-01 9.532187781290285544e-02
9.999211941806707138e-01 8.874384700023765435e-03 8.879793026629747427e-03 -3.392404967494911272e+00 -8.895784512629652599e-03 9.999576152008674557e-01 2.373356223405054949e-03 3.988503974032729660e-02 -8.858354582201069180e-03 -2.452161914397449696e-03 9.999577573357577576e-01 1.034397357770473896e-01
9.998959941691956121e-01 1.041090488761392194e-02 9.980676505711253213e-03 -3.646417201298804756e+00 -1.043861317721912936e-02 9.999417946367867849e-01 2.728130048614134037e-03 4.571803952211300065e-02 -9.951693274324201546e-03 -2.832030728464422168e-03 9.999464702687047568e-01 1.116517612433419737e-01
9.998717973401600734e-01 1.202194156333389469e-02 1.057647410513415549e-02 -3.919315351899110844e+00 -1.204760810890328528e-02 9.999246248047057861e-01 2.366399815391926221e-03 5.907397740931323582e-02 -1.054722818100753585e-02 -2.493517651826231661e-03 9.999412674489093211e-01 1.202903632845751386e-01
9.998445858678012277e-01 1.369756583117648190e-02 1.109868464426493929e-02 -4.203344318609516073e+00 -1.371445320397923252e-02 9.999049056278922487e-01 1.446884465003235847e-03 6.088122650909115474e-02 -1.107781042657817426e-02 -1.598871989881214513e-03 9.999373609003839869e-01 1.351627313028725130e-01
9.998099404303447679e-01 1.531268298236734306e-02 1.206667958618007699e-02 -4.498232264047577367e+00 -1.531886048460661884e-02 9.998825712959861223e-01 4.196808825567563753e-04 6.211543644959138105e-02 -1.205883617129576736e-02 -6.044488992736522315e-04 9.999271068991142375e-01 1.387386482452676595e-01
9.997703622940694590e-01 1.678296734488850250e-02 1.332496473411047370e-02 -4.790786934817520937e+00 -1.677612604971160867e-02 9.998590755319565204e-01 -6.250369652044607737e-04 6.863552764212840773e-02 -1.333357689548894838e-02 4.013521451709141916e-04 9.999110233633476952e-01 1.443427862790715444e-01
9.997281732239281515e-01 1.842641726445522904e-02 1.428449539953353768e-02 -5.111892711590986238e+00 -1.842667610130312161e-02 9.998302079475475113e-01 -1.135054368090742814e-04 7.851300056558407903e-02 -1.428416150425018336e-02 -1.497411869969699665e-04 9.998979649482270249e-01 1.472847183997597897e-01
9.996759449735497238e-01 2.025774383070475318e-02 1.541521507475611050e-02 -5.438358032744181614e+00 -2.027791557279697357e-02 9.997937166647021812e-01 1.153368053333660723e-03 9.122135155903805803e-02 -1.538867053817690247e-02 -1.465582728432562746e-03 9.998805133045850502e-01 1.608051583381483740e-01
9.996339971230479016e-01 2.194644022974840888e-02 1.581851942206045566e-02 -5.772786752980456626e+00 -2.198767724718034972e-02 9.997552699472621596e-01 2.437675534811165230e-03 1.113878287254095045e-01 -1.576114985451101264e-02 -2.784595838124645593e-03 9.998719078867986942e-01 1.810708415166425167e-01
9.995912887828555249e-01 2.345185746482687447e-02 1.634826506209268934e-02 -6.117178884916685710e+00 -2.349953832283259436e-02 9.997201186783282179e-01 2.730569256414665507e-03 1.253375719511133635e-01 -1.627965256702745833e-02 -3.113629923460673517e-03 9.998626296751466080e-01 1.906594168049800531e-01
9.995425911958568665e-01 2.559768315046263149e-02 1.610487511462299626e-02 -6.467971575460002676e+00 -2.563438697136716585e-02 9.996692280004675357e-01 2.076726657784814124e-03 1.341963633010415102e-01 -1.604638868186923986e-02 -2.488615345533152882e-03 9.998681514098911594e-01 2.004843596023029584e-01
9.994903688261334018e-01 2.787348591729675237e-02 1.555864410131013557e-02 -6.825150120966781309e+00 -2.789578601102617531e-02 9.996100946984550761e-01 1.218072178049766936e-03 1.426152205540498208e-01 -1.551862578575489982e-02 -1.651472016959019875e-03 9.998782150311094075e-01 2.106366882036710408e-01
9.994407067716427617e-01 2.974337043112302084e-02 1.528416052146940908e-02 -7.194824322903195402e+00 -2.974966796665016663e-02 9.995573635921728428e-01 1.847825627165686343e-04 1.544845116379280903e-01 -1.527189913931282193e-02 -6.393779157342357284e-04 9.998831733219916140e-01 2.247564560873814288e-01
9.993695960402877443e-01 3.187217584676475118e-02 1.563889115989922085e-02 -7.575428876227110919e+00 -3.186242680999425148e-02 9.994918834092938464e-01 -8.722137208664848236e-04 1.707969238552524971e-01 -1.565874412889288123e-02 3.733708489205311864e-04 9.998773246385822544e-01 2.347796591737548177e-01
9.993197690174221437e-01 3.372611158597890735e-02 1.491806448234346549e-02 -7.956397137957400112e+00 -3.370833503478925380e-02 9.994306730053931220e-01 -1.441528779291546738e-03 1.882037310048546574e-01 -1.495818838595562410e-02 9.376850911214106065e-04 9.998876803655356582e-01 2.458426339962827001e-01
9.992649894391284482e-01 3.529071427252643278e-02 1.496817847946810796e-02 -8.351422247132862964e+00 -3.528015156084247927e-02 9.993769916811985343e-01 -9.692286273512713390e-04 2.026546697039229017e-01 -1.499305795027464257e-02 4.404366287379737357e-04 9.998875007863459174e-01 2.541287529514866250e-01
9.991996525884555558e-01 3.721989465153665438e-02 1.465379503319555292e-02 -8.745058497548736653e+00 -3.722649184080205342e-02 9.993068381455630922e-01 1.775972772802956892e-04 2.244269487871537738e-01 -1.463702742946848198e-02 -7.229645189903866759e-04 9.998926116089769112e-01 2.707997009450220927e-01
9.991384602502797474e-01 3.903191608189546941e-02 1.410130402869502232e-02 -9.161731814065408486e+00 -3.905421208266090377e-02 9.992362356816711921e-01 1.309129242675245372e-03 2.463684729335942625e-01 -1.403943613305856999e-02 -1.858716693965417740e-03 9.998997146740280506e-01 2.928614031285513009e-01
9.990553166692505149e-01 4.107845516617172205e-02 1.417867256461462742e-02 -9.571295591866066488e+00 -4.109218415514151457e-02 9.991551293249238963e-01 6.781925247949598633e-04 2.671786923882178422e-01 -1.413883431869193512e-02 -1.260184471713718781e-03 9.998992475740191566e-01 3.100886203045862821e-01
9.989767202931849610e-01 4.293268910446699366e-02 1.422309805062728361e-02 -9.996724049482896390e+00 -4.293493789387447385e-02 9.990778595273646090e-01 -1.473442001845958599e-04 2.884116312347375644e-01 -1.421630823896830216e-02 -4.634744055987266033e-04 9.998988357686050543e-01 3.202585968594402477e-01
9.988956113679920978e-01 4.516331380969561271e-02 1.295502509126860227e-02 -1.042939359887038542e+01 -4.516186172020622558e-02 9.989796005988992311e-01 -4.047632288222491131e-04 3.052794226111867348e-01 -1.296008624010766379e-02 -1.807568388311255069e-04 9.999159982175976902e-01 3.273732511094544217e-01
9.988675071739087086e-01 4.607038841559157882e-02 1.188370409581339382e-02 -1.087582100342786617e+01 -4.607443907677281902e-02 9.989380068618630704e-01 6.716137058208048740e-05 3.309554402279908381e-01 -1.186798953313988360e-02 -6.146203111719749810e-04 9.999293840397897037e-01 3.393455049817061253e-01
9.988282036632210037e-01 4.692539354899577519e-02 1.184174846844857597e-02 -1.131702435695186004e+01 -4.693696010909442773e-02 9.988976078417984850e-01 7.005881015121238290e-04 3.602882860644529006e-01 -1.179581884537896259e-02 -1.255582830418257041e-03 9.999296386093378119e-01 3.606804787075981733e-01
9.987822751014507894e-01 4.772035574467971275e-02 1.251936860957240244e-02 -1.176853548314265474e+01 -4.774711862346689428e-02 9.988577474528524958e-01 1.847435142546444836e-03 3.802255442493919224e-01 -1.241690806663187790e-02 -2.442949252859070736e-03 9.999199229902809849e-01 3.726050128695503894e-01
9.987210106488821904e-01 4.891192490994939607e-02 1.280494005005002392e-02 -1.223003887318886029e+01 -4.893930663573586859e-02 9.988000710924701542e-01 1.833644383000235202e-03 4.091669689595254233e-01 -1.269988795591134138e-02 -2.457964058914355147e-03 9.999163321290777118e-01 3.919944138241502340e-01
9.986606216464153363e-01 5.027061994329239114e-02 1.224040615804073556e-02 -1.269831617562361359e+01 -5.030134584154360988e-02 9.987316293300880776e-01 2.215216067710558401e-03 4.316198742705663616e-01 -1.211352050080894034e-02 -2.827957958649860316e-03 9.999226296442818018e-01 3.929543002612975178e-01
9.986625966635912510e-01 5.043666758281569601e-02 1.136488397958738440e-02 -1.318132665935069703e+01 -5.047062644038129153e-02 9.987218387777139217e-01 2.721142260870548432e-03 4.631459617600203194e-01 -1.121311247789047449e-02 -3.291095809996679930e-03 9.999317150669851939e-01 4.135741656562169077e-01
9.986652509956123192e-01 5.037766917588146209e-02 1.139328319083250142e-02 -1.367184305298889235e+01 -5.042936779269095032e-02 9.987183876565177698e-01 4.296629006359669462e-03 4.891020783202530420e-01 -1.116222726376666849e-02 -4.865450153461200675e-03 9.999258632904693966e-01 4.218544465400262955e-01
9.986871380159938472e-01 5.015693555808603543e-02 1.040587220897347571e-02 -1.416146448211360465e+01 -5.020709877645079811e-02 9.987281582559448534e-01 4.616615552555692302e-03 5.214740237140972345e-01 -1.016108229750670167e-02 -5.133003227346475544e-03 9.999352002426380448e-01 4.528451795221605791e-01
9.987043725465696298e-01 4.962563549754098191e-02 1.126377189962606343e-02 -1.466700707117744074e+01 -4.968002375779063950e-02 9.987545869794942632e-01 4.601111481154802375e-03 5.470785226548329216e-01 -1.102141077015221168e-02 -5.154734610372957264e-03 9.999259758680164589e-01 4.584484324776251229e-01
9.987333678219888489e-01 4.896300533613091865e-02 1.158810195743917304e-02 -1.517083161610995745e+01 -4.901354236170922529e-02 9.987896253387990031e-01 4.117885470942563540e-03 5.748580651374678441e-01 -1.137245196412792030e-02 -4.680643550876198780e-03 9.999243765966235875e-01 4.707475088329114987e-01
9.987500487546046024e-01 4.836285410746826025e-02 1.262435958074169945e-02 -1.569279979720310614e+01 -4.841588809518999198e-02 9.988195337212831815e-01 3.929483014610302659e-03 6.076926785390543984e-01 -1.241941593616902213e-02 -4.535790933150963232e-03 9.999125885337619701e-01 4.829709846887748625e-01
9.987510584277485837e-01 4.796634418503886027e-02 1.398403069711733927e-02 -1.620883189102911004e+01 -4.802514280760897952e-02 9.988385154043130099e-01 3.899461914371085691e-03 6.342567619824237557e-01 -1.378074552851134282e-02 -4.566176785525987054e-03 9.998946149880572065e-01 5.015656815469670127e-01
9.987568768808327002e-01 4.745996551708266814e-02 1.523983451094884645e-02 -1.673676064743480651e+01 -4.752335164467980794e-02 9.988628067352793849e-01 3.824182183947533609e-03 6.612386159468989222e-01 -1.504100831916123544e-02 -4.543676269127615124e-03 9.998765539178217088e-01 5.218492965081996671e-01
9.987752700716362453e-01 4.693741678970259068e-02 1.564732558594090703e-02 -1.727809199834002030e+01 -4.701946765792078264e-02 9.988818684404641157e-01 4.917576847276663651e-03 6.937448167071914584e-01 -1.539901146325933778e-02 -5.647283063052686673e-03 9.998654802721387291e-01 5.300850949089137565e-01
9.988169268716056148e-01 4.648634758758980051e-02 1.427466575004120511e-02 -1.782157203132344137e+01 -4.656866735420141235e-02 9.989000075123191102e-01 5.489463792958438476e-03 7.229211144827339952e-01 -1.400377860295726716e-02 -6.147721516756903849e-03 9.998830430129652669e-01 5.505073394301134293e-01
9.988559539530177389e-01 4.593641543645590741e-02 1.329018393397750006e-02 -1.838234900156848539e+01 -4.601910585884562421e-02 9.989226345285663333e-01 5.984323056737453003e-03 7.441908228320347485e-01 -1.300096719861175594e-02 -6.589079096937163448e-03 9.998937738022130040e-01 5.703936452000160084e-01
9.988678037565247303e-01 4.582618319173086679e-02 1.276994722901300325e-02 -1.893845297682524631e+01 -4.589830308480397081e-02 9.989314526687426143e-01 5.412822095165707205e-03 7.726484847444006210e-01 -1.250825295901742198e-02 -5.992812626612497272e-03 9.999038102760744451e-01 5.902725546762548348e-01
9.989047958613002098e-01 4.513421836634856632e-02 1.233333439438982423e-02 -1.950740378631091332e+01 -4.519707882629928064e-02 9.989662369404458397e-01 4.866366056248139400e-03 7.964727295677384022e-01 -1.210094502061166699e-02 -5.418467078812530882e-03 9.999120998087784873e-01 5.971364988390174267e-01
9.989139141105923825e-01 4.477644765358490542e-02 1.288650190344012465e-02 -2.009219024229378903e+01 -4.484340243973336526e-02 9.989817431506086143e-01 4.954403029138632064e-03 8.322045697171247536e-01 -1.265153956667585365e-02 -5.526896712810062604e-03 9.999046914377367479e-01 6.200285550894132358e-01
9.989022365764093081e-01 4.458631977876213737e-02 1.436599633695325243e-02 -2.067154774243277515e+01 -4.466643662474940185e-02 9.989878713194736415e-01 5.304940697690312817e-03 8.559402234196723525e-01 -1.411492831763354848e-02 -5.940794992759715690e-03 9.998827310006500602e-01 6.378484220679061512e-01
9.988930051622191275e-01 4.416191422023021257e-02 1.620152986329935138e-02 -2.126279019988755081e+01 -4.424819389897875072e-02 9.990080267261980396e-01 5.005983747023514535e-03 8.825306936112842227e-01 -1.596438455380739044e-02 -5.717330583704747365e-03 9.998562149412740796e-01 6.604435573759042111e-01
9.988135346102912093e-01 4.344536630084242651e-02 2.200052785261555344e-02 -2.186436003142688733e+01 -4.356609446939010283e-02 9.990378438667101291e-01 5.038048710083237701e-03 9.058175595145477876e-01 -2.176048003810510112e-02 -5.990548314456597100e-03 9.997452649746731979e-01 6.793785995838126368e-01
9.983208022587767294e-01 4.374043914060889160e-02 3.797828011756528704e-02 -2.244872182132997196e+01 -4.403025332622136079e-02 9.990068638694292735e-01 6.828084193950500515e-03 9.311564734729916859e-01 -3.764189911421762097e-02 -8.488811784862704962e-03 9.992552364163175271e-01 7.195897705045389836e-01
9.975577803956136025e-01 4.355108080926637509e-02 5.460566025630901599e-02 -2.302858891332357771e+01 -4.413457755708433822e-02 9.989801857466232837e-01 9.525101021027774367e-03 9.707874455750180598e-01 -5.413514418132465977e-02 -1.191183638021647839e-02 9.984625653064770345e-01 7.578780464382187665e-01
9.969964688062699087e-01 4.361517893704473098e-02 6.399810429708550907e-02 -2.363198273086823065e+01 -4.465539601813929560e-02 9.988911217696665457e-01 1.491383438822199876e-02 1.010799405713879606e+00 -6.327666863690951937e-02 -1.772690091321540637e-02 9.978385742143361936e-01 7.878590067730699698e-01
9.972088239460578096e-01 4.408092857412117954e-02 6.026137386138197272e-02 -2.424539346181813926e+01 -4.527921736396536834e-02 9.987999770109723396e-01 1.866543323218884318e-02 1.054802397700451477e+00 -5.936626919822651088e-02 -2.134192256763663489e-02 9.980081003791868577e-01 8.494787265614075489e-01
9.982177171011916705e-01 4.441524197310420946e-02 3.985819295008991014e-02 -2.490577893589588854e+01 -4.512403522072380713e-02 9.988356670801690207e-01 1.706257934397311868e-02 1.088491401350131671e+00 -3.905394615361017924e-02 -1.883073150311364782e-02 9.990596542953599224e-01 8.855020024108438692e-01
9.989472344171868023e-01 4.400570718946741205e-02 1.295841751494945619e-02 -2.559081117394072891e+01 -4.419040806603442145e-02 9.989203518523717129e-01 1.432963677303570639e-02 1.101784423315153028e+00 -1.231384118346681711e-02 -1.488718878250201022e-02 9.998133530441277728e-01 8.791213953200777143e-01
9.990306080038576786e-01 4.287498488125046636e-02 -9.978975015047795646e-03 -2.628006730856418827e+01 -4.273505723042075183e-02 9.989906189524192515e-01 1.383683954271467537e-02 1.121335878891948967e+00 1.056215671303871798e-02 -1.339697415284030538e-02 9.998544703750638085e-01 8.798539687717954472e-01
9.988563844637619038e-01 4.096218391904755951e-02 -2.465811639264189892e-02 -2.694216645554712741e+01 -4.058198893685048547e-02 9.990524375093273735e-01 1.572670596649178298e-02 1.146319012900800960e+00 2.527895150874291674e-02 -1.470804525456477323e-02 9.995722325151356058e-01 8.838984400189945356e-01
9.988883754393435010e-01 3.942046995230339551e-02 -2.584646901132879593e-02 -2.761516126665985027e+01 -3.893396414529137067e-02 9.990599204533552324e-01 1.906362451437683056e-02 1.181930627305059156e+00 2.657366831185473816e-02 -1.803612742338324762e-02 9.994841360721559154e-01 9.106512504921675522e-01
9.991118175903898058e-01 3.795328733983850678e-02 -1.830639043579717837e-02 -2.828862273918836934e+01 -3.762044268843138528e-02 9.991264221354690944e-01 1.819601282313428742e-02 1.226549012703557429e+00 1.898099688149640016e-02 -1.749115693239915170e-02 9.996668350937907288e-01 9.423629445495659285e-01
9.993066924509772520e-01 3.714864993467625193e-02 -2.472292493918551090e-03 -2.896149858701280877e+01 -3.711118824401519328e-02 9.992161136565357316e-01 1.378107093824834997e-02 1.248259128397457784e+00 2.982302677656764947e-03 -1.367976670559772900e-02 9.999019801228037352e-01 9.518457750037374598e-01
9.991613967816661557e-01 3.626070243217841688e-02 1.901748248029182242e-02 -2.965755428125227766e+01 -3.639528061654077190e-02 9.993144812167191748e-01 6.778729922508389821e-03 1.256075267892771352e+00 -1.875864413019648694e-02 -7.465191869268497822e-03 9.997961713172509590e-01 9.378604464306723454e-01
