5.502590066360555365e-01 -8.344337047618481940e-01 3.058460353377463053e-02 6.480905467000000364e+00 8.336762884003756646e-01 5.510789599354271040e-01 3.599758430036154033e-02 -5.618264898000000329e+01 -4.689212913565753843e-02 5.689663777819637010e-03 9.988837549741311772e-01 9.662902926999999975e-01
5.494951359708615257e-01 -8.347938023917278461e-01 3.426956423307322280e-02 6.485490839056497592e+00 8.340964114496559612e-01 5.504863121837059170e-01 3.532699400160617398e-02 -5.617703446012800583e+01 -4.835568168447772902e-02 9.172109176395481026e-03 9.987880658388373911e-01 9.667880545272036219e-01
5.478697566769273886e-01 -8.357603328977867285e-01 3.665236245242471658e-02 6.485284410966313473e+00 8.352188057221759943e-01 5.489470671135103785e-01 3.265982356805968018e-02 -5.617010438257517535e+01 -4.741599188866450765e-02 1.271941280306634371e-02 9.987942432008503069e-01 9.727560459511954694e-01
5.477056612605633035e-01 -8.357672422983177807e-01 3.887962608091310307e-02 6.491416692371514863e+00 8.352498143308086931e-01 5.488920284011865602e-01 3.279159675861525319e-02 -5.617345624695170869e+01 -4.874685921653858223e-02 1.451405727886704439e-02 9.987057053295672615e-01 9.712397669815159285e-01
5.473757425515025643e-01 -8.360421314178164698e-01 3.759456025200184903e-02 6.493493524451767307e+00 8.355954681898003500e-01 5.484740054667830433e-01 3.092699254519320345e-02 -5.616703313853767554e+01 -4.647590781100430224e-02 1.448515866585157151e-02 9.988143822410482375e-01 9.698824523641966788e-01
5.490525701903478106e-01 -8.351237900607018094e-01 3.330961485841180819e-02 6.485452997954680221e+00 8.347204815968959357e-01 5.499292496745237235e-01 2.862757333515522640e-02 -5.617312448171008299e+01 -4.222549904992969200e-02 1.208617503844145076e-02 9.990350001891435960e-01 9.645283204710045633e-01
5.517101046722679980e-01 -8.335578338809194188e-01 2.823646539948639761e-02 6.497384194027493898e+00 8.330672406243082584e-01 5.523846501039798573e-01 2.949865976789770722e-02 -5.615950812079007193e+01 -4.018622899838795309e-02 7.248165647096026926e-03 9.991659177001774861e-01 9.606809124493641550e-01
5.508743924294997596e-01 -8.341576484671091585e-01 2.680338167549191700e-02 6.492781206918722958e+00 8.336002655831882269e-01 5.515006509724369455e-01 3.094558444453416463e-02 -5.615581523486938664e+01 -4.059557839299007820e-02 5.296176053959783352e-03 9.991616233293489913e-01 9.601370376343140167e-01
5.475172392412911426e-01 -8.363928261335513703e-01 2.592128711916303827e-02 6.481302328118282219e+00 8.358867571238647320e-01 5.481032894339691319e-01 2.959921243224936105e-02 -5.615947019482188551e+01 -3.896411167391275465e-02 5.461181555892899268e-03 9.992256869684006393e-01 9.690024439844900916e-01
5.478166177132963721e-01 -8.362039707816333323e-01 2.568798563882672761e-02 6.481863815804493001e+00 8.357423729216050257e-01 5.483867240951620925e-01 2.840223476312662282e-02 -5.617253483022877703e+01 -3.783701178107928137e-02 5.909321889934995853e-03 9.992664511802022975e-01 9.721687986939856474e-01
5.500973535027184891e-01 -8.347393649611700717e-01 2.455797739050857853e-02 6.492395765805982322e+00 8.342448501672847794e-01 5.506269303199393672e-01 2.907771613804558189e-02 -5.617091127763555392e+01 -3.779459800899661465e-02 4.491791475115199973e-03 9.992754335870959181e-01 9.748223378425787677e-01
5.480276142763406133e-01 -8.360734531760638522e-01 2.543452151737069650e-02 6.488402239255623982e+00 8.355298084876745524e-01 5.485986990601349200e-01 3.048616929163400560e-02 -5.616379218701089115e+01 -3.944202224941441987e-02 4.544038267066597379e-03 9.992115284548613863e-01 9.710730154609372722e-01
5.482639272199192337e-01 -8.358849042393861062e-01 2.651590040115742175e-02 6.495564719443501112e+00 8.352859979569575710e-01 5.488853154431991843e-01 3.197205198092490513e-02 -5.616639902504652326e+01 -4.127914396436339894e-02 4.619237547967894146e-03 9.991369750529908167e-01 9.657755997191923569e-01
5.477324829073119128e-01 -8.362009860279773221e-01 2.751432597772750233e-02 6.502586857154746269e+00 8.355882117990535152e-01 5.483982007756882382e-01 3.243075220298049371e-02 -5.616199102316086567e+01 -4.220743383150459688e-02 5.227270015896471646e-03 9.990951947524999710e-01 9.648085139499817942e-01
5.493203159764158405e-01 -8.351464275079693023e-01 2.788610901908100681e-02 6.497353893951726356e+00 8.345256718869450419e-01 5.500017074129093242e-01 3.263471777926089251e-02 -5.617816249288217989e+01 -4.259217553967953318e-02 5.344760383157749935e-03 9.990782452437044769e-01 9.622517803786182489e-01
5.515618888465774194e-01 -8.336242009369488892e-01 2.915774998529835002e-02 6.508240632856087338e+00 8.329765999184973735e-01 5.523007533183866835e-01 3.337456924318988466e-02 -5.616601002399870168e+01 -4.392569589892051513e-02 5.879582992814220976e-03 9.990174992179178259e-01 9.591904638121950821e-01
5.500478998929084762e-01 -8.344655798132007973e-01 3.338418683141254617e-02 6.502155397733025310e+00 8.337945256388537008e-01 5.509897168523988364e-01 3.459799036938529526e-02 -5.617086996885877426e+01 -4.726517574355026258e-02 8.805000279742672062e-03 9.988435688995557227e-01 9.660625760072885093e-01
5.497536817277886012e-01 -8.345322107128602118e-01 3.642634636388946551e-02 6.500027496292455353e+00 8.338976344838849863e-01 5.508408221349114786e-01 3.448367544107730498e-02 -5.616666458308514365e+01 -4.884285647780500089e-02 1.141831653250141229e-02 9.987412064286967928e-01 9.670004626173122064e-01
5.523858823253843253e-01 -8.326859735542729846e-01 3.878023276816935233e-02 6.505557777247750195e+00 8.321443056089463663e-01 5.535691292944607822e-01 3.312210341733070468e-02 -5.616755252508555429e+01 -4.904785061753952347e-02 1.397456754756852548e-02 9.986986631670508041e-01 9.726252684458164266e-01
5.535953836380211879e-01 -8.318265174839024612e-01 3.995993024580177938e-02 6.510065710400620098e+00 8.314440612214445414e-01 5.547895048447385458e-01 3.015590114278593817e-02 -5.616423240579602805e+01 -4.725382814389333941e-02 1.653027902760620046e-02 9.987461267013820754e-01 9.702445257414851199e-01
5.519441770290273164e-01 -8.329153251182201956e-01 4.012090012617237911e-02 6.512493801005705407e+00 8.326337166918570398e-01 5.531109323203337036e-01 2.809609182163643609e-02 -5.616669162111205793e+01 -4.559297392849014086e-02 1.789853991085468485e-02 9.987997411880981113e-01 9.695917005613423623e-01
5.554939305292950769e-01 -8.305540489395438764e-01 4.008073022312998862e-02 6.511902798466427278e+00 8.303064030617419711e-01 5.566419526429211562e-01 2.722156484414143748e-02 -5.617135263311664772e+01 -4.491959683453163044e-02 1.815787289322709150e-02 9.988255710944795585e-01 9.597767356278673612e-01
5.550198549980923657e-01 -8.308477214212225404e-01 4.055889997317495277e-02 6.515309653597524786e+00 8.305524896205758179e-01 5.562123245150980555e-01 2.846773687162154620e-02 -5.616637361667176975e+01 -4.621171434766317004e-02 1.788613615838331380e-02 9.987715272225027308e-01 9.613395953481947975e-01
5.577261106750399655e-01 -8.290394209595476349e-01 4.043790259553676353e-02 6.520867025097959235e+00 8.286279306014455726e-01 5.589516991211154195e-01 3.080179664893955074e-02 -5.616544886444370377e+01 -4.813873802302255644e-02 1.632900929878810040e-02 9.987071769827569057e-01 9.623774263759197201e-01
5.600270520929967466e-01 -8.274890802436609683e-01 4.039211558588462481e-02 6.522852489982711610e+00 8.269583124469293001e-01 5.612856108176548231e-01 3.314230776513701210e-02 -5.616555956634015701e+01 -5.009641103856875277e-02 1.484200682379807450e-02 9.986340993749882600e-01 9.618038615580782880e-01
5.629007517076893841e-01 -8.255658714875283577e-01 3.979617521736279750e-02 6.525859541602009095e+00 8.248586087922822330e-01 5.641701153833906801e-01 3.633670884344863961e-02 -5.615994653709475415e+01 -5.245015946753014968e-02 1.237225700248912111e-02 9.985468982619152278e-01 9.575491851210530259e-01
5.580511633137454908e-01 -8.287950166831549170e-01 4.095997369773178576e-02 6.532317244792055000e+00 8.279599063990085162e-01 5.594217718281846441e-01 3.911105470812285129e-02 -5.614185454703005007e+01 -5.532894829933814734e-02 1.208724641058632129e-02 9.983950149887044212e-01 9.542228845257934022e-01
5.581494532243700402e-01 -8.285664576457503205e-01 4.412270537584419422e-02 6.534872895425683836e+00 8.275827000542428369e-01 5.597428157257584580e-01 4.236572688332843062e-02 -5.615386629340628133e+01 -5.980018759382257909e-02 1.286878035325809098e-02 9.981274127364498927e-01 9.601452111275683432e-01
5.536870805218530034e-01 -8.314801951864428942e-01 4.551155760765412950e-02 6.548027270388458554e+00 8.302580219455264476e-01 5.554254495926120860e-01 4.662817753216788597e-02 -5.614431829262772311e+01 -6.404868350152920220e-02 1.196891630715189725e-02 9.978749977748462285e-01 9.649615857285261944e-01
5.452666463452637835e-01 -8.372066306962132609e-01 4.206354599478961259e-02 6.560665629867993509e+00 8.356893705297246955e-01 5.468367985374670281e-01 5.091946336080320490e-02 -5.613458241606891619e+01 -6.563200718408440659e-02 7.387373254189926082e-03 9.978165494465340846e-01 9.692214520025488333e-01
5.319555095716042015e-01 -8.460627289737600032e-01 3.465825266600584126e-02 6.570882320914336994e+00 8.443586611362269290e-01 5.330828766408834962e-01 5.367586046395585175e-02 -5.613248320612519393e+01 -6.388886601469322135e-02 7.108261135936222615e-04 9.979567663609424377e-01 9.652825440278046676e-01
5.143185190285258779e-01 -8.571252378263426452e-01 2.850943116603246383e-02 6.592589228394766465e+00 8.552524388162308089e-01 5.150852432813968207e-01 5.683711861680759009e-02 -5.611655327850794350e+01 -6.340131609976848437e-02 -4.849622138830562978e-03 9.979763295198557094e-01 9.556380102188648529e-01
5.075787825184390201e-01 -8.611057732086555561e-01 2.933644293012231327e-02 6.616762152761226368e+00 8.590719020209393042e-01 5.084020019544952529e-01 5.935378308764379524e-02 -5.612270598928039789e+01 -6.602459159444533376e-02 -4.924607130979009872e-03 9.978058436135699427e-01 9.440724631476006268e-01
4.944778277379159315e-01 -8.685880637486275146e-01 3.234893180570950350e-02 6.640868322134276802e+00 8.669128616597004955e-01 4.955329355713494199e-01 5.393700077922550934e-02 -5.606870918728549213e+01 -6.287899621151907259e-02 1.373054063314587802e-03 9.980202135016940090e-01 9.592872473775787556e-01
4.839410503185878620e-01 -8.742872403357837552e-01 3.772109757879029551e-02 6.665359352680957805e+00 8.733223819621003248e-01 4.852553195917642670e-01 4.284030779495949515e-02 -5.605540986398162318e+01 -5.575909773814106268e-02 1.221049523747246360e-02 9.983695842850381919e-01 9.392283353739506735e-01
4.873203130348942036e-01 -8.718506886294676850e-01 4.894169224557542303e-02 6.699344759038071473e+00 8.718770029395169763e-01 4.889152149564854888e-01 2.814967725017989558e-02 -5.601799333350091104e+01 -4.847065347984795547e-02 2.895322642447511682e-02 9.984048810131315177e-01 9.338389523749386356e-01
4.764374727554994138e-01 -8.770021340447415881e-01 6.224621623268217219e-02 6.715934011565948936e+00 8.782957548787063695e-01 4.779735567152897380e-01 1.174078545113429670e-02 -5.594224840918828079e+01 -4.004873926081119195e-02 4.907683732592822007e-02 9.979917647564529037e-01 9.390367805736570261e-01
4.777344263791681866e-01 -8.757947761153149768e-01 6.894438324660127904e-02 6.736295697295039631e+00 8.779027461421564649e-01 4.788386281218585672e-01 -5.801159097687022927e-04 -5.592407509101628449e+01 -3.250517140719374337e-02 6.080360472466046079e-02 9.976203363425742987e-01 9.433478250812158405e-01
5.113453742590193807e-01 -8.557670073657620557e-01 7.866852819334990699e-02 6.781131416027949221e+00 8.583464649404065616e-01 5.130667677075504418e-01 1.959081027174275520e-03 -5.586926404138621649e+01 -4.203872438828431396e-02 6.652308605578727274e-02 9.968989039383151507e-01 9.514159046186277946e-01
4.980951004610181809e-01 -8.631619520766086184e-01 8.278112939542202342e-02 6.810869324157436289e+00 8.660214645678468992e-01 4.999997770084139148e-01 2.654411297555934069e-03 -5.570222114347316733e+01 -4.368173307542810857e-02 7.036808565568776486e-02 9.965642170561183066e-01 9.779743055790834916e-01
4.982715461989167260e-01 -8.635311882583038834e-01 7.771327527324481399e-02 6.830974216234917407e+00 8.657791521955564562e-01 5.003508029631068554e-01 8.691006717251200525e-03 -5.570677470630302963e+01 -4.638885504157025386e-02 6.295205222538466372e-02 9.969378682989914475e-01 9.682881628413726460e-01
5.061930972868144973e-01 -8.599455279525189955e-01 6.528581173267658522e-02 6.876372415069333499e+00 8.611861538425245044e-01 5.080665833356718952e-01 1.505839724477519258e-02 -5.559711953012907060e+01 -4.611894067609535047e-02 4.860078036504753007e-02 9.977529791781205581e-01 9.670753812020898010e-01
4.929946765394040975e-01 -8.686914935180219954e-01 4.828393100386278725e-02 6.901862426398823303e+00 8.690800233841687872e-01 4.942919985847242792e-01 1.937351516214380273e-02 -5.549504238749396734e+01 -4.069596857632578474e-02 3.241156004512905919e-02 9.986457474585602734e-01 9.527615545274105147e-01
4.717708011772199228e-01 -8.813214887655318464e-01 2.654702613590181198e-02 6.947867993559661670e+00 8.812239192200762572e-01 4.723020312344362037e-01 1.936996350747495488e-02 -5.539259447093736810e+01 -2.960937944296621396e-02 1.425569121242751223e-02 9.994598840959290076e-01 9.543692441662193771e-01
4.138253253461152692e-01 -9.103094107297564630e-01 9.239958819149208039e-03 6.953398818185439367e+00 9.101721121590887753e-01 4.139244490768380080e-01 1.591466947006969432e-02 -5.531704517588324421e+01 -1.831191825097239212e-02 1.824059563466596786e-03 9.998306588901274550e-01 9.411717323357262632e-01
3.801763502737495193e-01 -9.249017831231124420e-01 4.757548546733385460e-03 6.989181545052786326e+00 9.247739309276362674e-01 3.802032619211527242e-01 1.544850482098545329e-02 -5.529386580034086762e+01 -1.609718513173757221e-02 -1.473499308880569852e-03 9.998693461800935989e-01 9.350387314859586185e-01
3.344396540228207759e-01 -9.424046110289645561e-01 4.864866740477782198e-03 7.000415773950791731e+00 9.420638152619166261e-01 3.344511503061809443e-01 2.565533147461847296e-02 -5.517692504543919085e+01 -2.580476295660222644e-02 -3.997145259931006965e-03 9.996590103822953211e-01 9.567115751735688622e-01
3.055209383944426649e-01 -9.521538642244713468e-01 7.744355683315040477e-03 7.042504011610458470e+00 9.515437713896020000e-01 3.056034980152909086e-01 3.421919242923749521e-02 -5.510500741916339251e+01 -3.494863848884115914e-02 -3.085586368191127297e-03 9.993843463975834451e-01 9.420015898961938694e-01
2.824261130368181938e-01 -9.591463677010872990e-01 1.654496904471473850e-02 7.070543175770771960e+00 9.588403598593182586e-01 2.827794730465238437e-01 2.570863528899185874e-02 -5.500617365164137595e+01 -2.933692178402944398e-02 8.603194136550758320e-03 9.995325557833868446e-01 9.310320716715035916e-01
2.698836040471139786e-01 -9.626653308218301452e-01 2.093564186269636015e-02 7.094721632749088513e+00 9.627311587093710932e-01 2.701730315638533053e-01 1.245989830415375477e-02 -5.491494207228988245e+01 -1.765095795275915813e-02 1.679267248842027105e-02 9.997031808662145691e-01 9.318991003898642322e-01
2.851809681637997862e-01 -9.583475048831928689e-01 1.555234005798743040e-02 7.120871827978072055e+00 9.584679032297981349e-01 2.851980883671098588e-01 -1.152766267353488253e-03 -5.484608780153334351e+01 -3.330746978146445231e-03 1.523516576589557803e-02 9.998783905298842534e-01 9.400984398421040611e-01
2.898036454736449552e-01 -9.570071759093107255e-01 1.229277544871999056e-02 7.147284078258691054e+00 9.570595922250634269e-01 2.898673413786397868e-01 3.723080998832919725e-03 -5.465509303641256622e+01 -7.126289369865275621e-03 1.068595621241981951e-02 9.999175097674908308e-01 9.499256050901829784e-01
2.737602338082765208e-01 -9.617429605928317082e-01 1.028650258032372082e-02 7.167438764641319793e+00 9.616326716608238900e-01 2.738958065423741095e-01 1.561063589407378320e-02 -5.454657657781365288e+01 -1.783084910224736960e-02 5.618265626113510755e-03 9.998252326840038062e-01 9.458855148608907859e-01
2.561173624772591917e-01 -9.665990260125911782e-01 9.498397189311662270e-03 7.203243718587845734e+00 9.663207272840939055e-01 2.562736697439613187e-01 2.341064324513573991e-02 -5.444915236583729268e+01 -2.506289406347360360e-02 3.182625878176638737e-03 9.996808101757560516e-01 9.438684505864700647e-01
2.036944157114003451e-01 -9.790082467130931665e-01 7.172020337242905781e-03 7.216846296947418082e+00 9.787723759009295810e-01 2.038039223975827152e-01 2.164711039957671265e-02 -5.429615041368918327e+01 -2.265438547494630361e-02 2.610379880819667549e-03 9.997399485544238296e-01 9.384567058206515489e-01
1.574346935701326222e-01 -9.875279861121317726e-01 -1.671498062918824008e-03 7.260957633374554021e+00 9.872046326989640797e-01 1.573392870063099191e-01 2.591065306175704616e-02 -5.424703271507271296e+01 -2.532450272348241160e-02 -5.729346356231958606e-03 9.996628652461332365e-01 9.249495646813647998e-01
7.388008856427827342e-02 -9.972509242871253621e-01 -5.685641758139574516e-03 7.255437946277207395e+00 9.966776728797621665e-01 7.363922724276709963e-02 3.479770960990154899e-02 -5.408357145362474938e+01 -3.428336180610849077e-02 -8.237610064135989299e-03 9.993782031261593257e-01 9.064168924433918528e-01
3.619405942544369481e-02 -9.993268063433817794e-01 -5.993678823915522293e-03 7.314215627821631927e+00 9.979720253430852672e-01 3.582943577106333793e-02 5.261262362749666299e-02 -5.410287045554584751e+01 -5.236245501256681090e-02 -7.885788221254210612e-03 9.985970096335924362e-01 9.117688099711430683e-01
-2.024779566889900115e-02 -9.997860592475114050e-01 -4.226405670385167436e-03 7.287286335265161341e+00 9.979955467089728360e-01 -2.046468193550134151e-02 5.988393392513386565e-02 -5.390997045599732473e+01 -5.995761435903051995e-02 -3.005416379657459020e-03 9.981963994889598846e-01 9.350941281741309563e-01
-2.553957878749944441e-02 -9.996600838391668242e-01 -5.238959251175161029e-03 7.317992913507975317e+00 9.979397268558366507e-01 -2.580347199002373110e-02 5.874080690773871710e-02 -5.389373577865436715e+01 -5.885602329647258990e-02 -3.727950098058093603e-03 9.982595208209905646e-01 9.237450200043816340e-01
-5.016069682687744613e-02 -9.987334091170456674e-01 3.934718198001017735e-03 7.304439026693208881e+00 9.980379181466149108e-01 -4.997717103293999180e-02 3.771732118174310477e-02 -5.366963958576320692e+01 -3.747290268226289439e-02 5.818925071755388923e-03 9.992807021430639702e-01 9.087926416008880182e-01
-4.055650231241585829e-02 -9.991504332968069724e-01 7.319956488563283438e-03 7.309027243414901065e+00 9.990706141695144815e-01 -4.044405902641583228e-02 1.490590461639147886e-02 -5.369679493577844198e+01 -1.459719230385909429e-02 7.917684779778274423e-03 9.998621066149722125e-01 8.994949788388726386e-01
-3.319967310491500189e-03 -9.999374632660101847e-01 1.067929652147337448e-02 7.322727573511006227e+00 9.998676928815353193e-01 -3.489416300589485986e-03 -1.588775332331058762e-02 -5.349452154546098370e+01 1.592402426646463351e-02 1.062513675286788639e-02 9.998167491696161591e-01 9.375097023447888089e-01
-1.759041081291282116e-02 -9.998452607691853400e-01 1.787871189799665255e-04 7.297717782336599512e+00 9.996724637706293493e-01 -1.759069467239195161e-02 -1.858850827063452879e-02 -5.329353127925518407e+01 1.858877688877962758e-02 -1.482509371430282979e-04 9.998272027682540974e-01 9.421794224476316426e-01
1.972498638392614426e-03 -9.999924278746180617e-01 -3.354615111145957916e-03 7.323131911513551806e+00 9.998295317344484401e-01 2.033739444462179854e-03 -1.835133171127658128e-02 -5.330081830344092708e+01 1.835801516575965436e-02 -3.317845278897388946e-03 9.998259724481202149e-01 9.177270815102372969e-01
-3.189370992320886972e-02 -9.994912076910774656e-01 -3.420753788212525315e-04 7.319925244359186678e+00 9.989651310561381559e-01 -3.186581561456160866e-02 -3.245360887853421944e-02 -5.304685950855752452e+01 3.242619622098823901e-02 -1.376787363150974329e-03 9.994731843602121524e-01 9.448739721917374101e-01
-4.960571474253108737e-02 -9.987484817586651520e-01 -6.383043916814558870e-03 7.317368908032619856e+00 9.979048945887432076e-01 -4.929602222310042886e-02 -4.190135497616203492e-02 -5.308086737976919522e+01 4.153425599129418472e-02 -8.448217429218429081e-03 9.991013628263473167e-01 9.251309932019570192e-01
-8.798638989768661767e-02 -9.960068503392800476e-01 -1.512445932933644509e-02 7.335282023986300359e+00 9.947812863272125217e-01 -8.707046501580112396e-02 -5.318765359680906191e-02 -5.285876174929226323e+01 5.165837362897186119e-02 -1.972531873373277803e-02 9.984699916546346810e-01 9.442356905527630184e-01
-1.193130285190695250e-01 -9.923337091213184635e-01 -3.222128127720782359e-02 7.309857511121105489e+00 9.914329444621198251e-01 -1.173418258170251388e-01 -5.737257662961810223e-02 -5.287698061372790193e+01 5.315183779347820714e-02 -3.879053564260601106e-02 9.978327397333068838e-01 9.270872967014462951e-01
-1.308381248118609119e-01 -9.905255760914400964e-01 -4.171891902301551325e-02 7.341775946656364127e+00 9.907403327142494387e-01 -1.290955695575072282e-01 -4.204672465133191261e-02 -5.269029850928694003e+01 3.626262854541100616e-02 -4.683393032118306210e-02 9.982442610611833578e-01 9.286785932763425011e-01
-1.714422617654121073e-01 -9.842109507587691875e-01 -4.400403717046007246e-02 7.296052073790762371e+00 9.850544816414247284e-01 -1.704947576356460881e-01 -2.447868086570818141e-02 -5.258004990385192201e+01 1.658972811578245457e-02 -4.754305443771077166e-02 9.987314147936446895e-01 9.224669537619640813e-01
-1.699847490896450319e-01 -9.846982415370609809e-01 -3.839997644229886653e-02 7.313975731661805924e+00 9.854241420283220698e-01 -1.695881380294249063e-01 -1.338371202174879274e-02 -5.251394600783145705e+01 6.666737187822248042e-03 -4.011529076944844036e-02 9.991728169149154404e-01 9.117946638150443706e-01
-1.867119399015577108e-01 -9.820072316534725898e-01 -2.829219819139814837e-02 7.285681804852533361e+00 9.823808002330070011e-01 -1.863888012812348893e-01 -1.368130441605477920e-02 -5.233858878345255050e+01 8.161790968504762864e-03 -3.034817518750489856e-02 9.995060647294289335e-01 9.090035498127698732e-01
-1.861663754072302723e-01 -9.823394634225961486e-01 -1.874191213192200750e-02 7.284418597057437772e+00 9.824583907784626424e-01 -1.859106322936744660e-01 -1.458585579205987429e-02 -5.223855162132892360e+01 1.084394101748670063e-02 -2.112854473824247667e-02 9.997179569960651380e-01 9.125589493236434535e-01
-1.769710951479176175e-01 -9.839811605099884062e-01 -2.150133120486019331e-02 7.253563258631454680e+00 9.842021178371712642e-01 -1.768101198495056758e-01 -9.185464803835082653e-03 -5.216031112011029336e+01 5.236671370238906408e-03 -2.278721747390229438e-02 9.997266226287506719e-01 9.262517676849193471e-01
-1.726983066530972943e-01 -9.847848656566050574e-01 -1.934071490075025407e-02 7.254892796932976395e+00 9.849413243988142108e-01 -1.728209582854033921e-01 4.848078883518411666e-03 -5.193340972610550921e+01 -8.116795595078373296e-03 -1.821221433544479434e-02 9.998011966777179405e-01 9.275889844482398949e-01
-1.886168813394052124e-01 -9.818350351488254191e-01 -2.058241550744787512e-02 7.221426044125571764e+00 9.815320058401901804e-01 -1.891569688950946460e-01 2.854054361410164609e-02 -5.184332706817532710e+01 -3.191541297245537728e-02 -1.481907124982480110e-02 9.993807090103440371e-01 9.172013165295597181e-01
-1.895860956176287082e-01 -9.816507426512803836e-01 -2.046782354507235141e-02 7.228963266560743506e+00 9.810412151557342808e-01 -1.902393176019465948e-01 3.697480499129698894e-02 -5.172878137921929920e+01 -4.019012956311405343e-02 -1.306986956771490418e-02 9.991065668861903726e-01 9.146846906413762524e-01
-2.166167209563966689e-01 -9.758692429367615828e-01 -2.750303423541353154e-02 7.189817386905204444e+00 9.751665178985038374e-01 -2.176199546290667752e-01 4.113171181688201478e-02 -5.158461334511027729e+01 -4.612438153391634765e-02 -1.791022158588278027e-02 9.987751325452510764e-01 9.011135520329116577e-01
-2.465101427303113824e-01 -9.685940850741353580e-01 -3.253072225618638263e-02 7.187480546279800819e+00 9.681799881569473909e-01 -2.476209768980527914e-01 3.621273715838098373e-02 -5.144157022986481564e+01 -4.313073224023854929e-02 -2.256878728315117946e-02 9.988144921740539361e-01 8.932407468989899124e-01
-2.639576268673477499e-01 -9.637899744400464375e-01 -3.788477778005697877e-02 7.161127349528368491e+00 9.627953155387807271e-01 -2.656359195828341679e-01 4.962598718409993309e-02 -5.140942343090785727e+01 -5.789258670353403941e-02 -2.337612876879103727e-02 9.980490994978565844e-01 8.935498026300529029e-01
-2.809031044423543899e-01 -9.590779807306482052e-01 -3.553692153668500803e-02 7.140290221091627032e+00 9.574926803264466324e-01 -2.825845874536189184e-01 5.791129470992769507e-02 -5.121437110875545073e+01 -6.558363390372223822e-02 -1.775887978640625434e-02 9.976890342950739399e-01 9.067640367863856188e-01
-2.892539257671001285e-01 -9.568560022515059105e-01 -2.754555106768507081e-02 7.114627543379765662e+00 9.549151196158858212e-01 -2.904378128393141911e-01 6.150602573838603870e-02 -5.115538333709187668e+01 -6.685267950797300907e-02 -8.512803789513922331e-03 9.977265414000808796e-01 8.897943129694826370e-01
-2.847680134438160815e-01 -9.585363082347967412e-01 -1.073891590909717766e-02 7.084280200889770285e+00 9.565222781538624819e-01 -2.848705727159879797e-01 6.256107572486131752e-02 -5.101362679331943184e+01 -6.302626368988804850e-02 7.543380942813837121e-03 9.979833603267967979e-01 8.813648858317849610e-01
-2.807652012345006054e-01 -9.597753328670448614e-01 -1.487345197197017556e-03 7.039227121786986174e+00 9.573861161378536266e-01 -2.801749091633838340e-01 7.009882239961318096e-02 -5.089787731366294565e+01 -6.769583740770368507e-02 1.825734633563651579e-02 9.975389430505309241e-01 8.921145195090594004e-01
-2.503630038439677574e-01 -9.681488346711237813e-01 -2.490026344457580299e-03 7.017349648435670773e+00 9.648925385152681278e-01 -2.497301452576519143e-01 8.134644225294068720e-02 -5.080545082459205020e+01 -7.937729791253186895e-02 1.796353179399952718e-02 9.966827760634324740e-01 8.960768040883489993e-01
-2.390746221733663635e-01 -9.709820995359120799e-01 -6.089943638325129305e-03 6.979225260491904059e+00 9.676877138913347887e-01 -2.387717987865750346e-01 8.104638479321077393e-02 -5.060197994290253121e+01 -8.014869566334771600e-02 1.348297018586290877e-02 9.966917257097849259e-01 8.908932520754216933e-01
-2.439906213666108437e-01 -9.697765416792616389e-01 -1.426847494313438457e-03 6.944542390291106315e+00 9.663991679257469825e-01 -2.432630709005277059e-01 8.304051161050808594e-02 -5.048933947259225619e+01 -8.087783947209642443e-02 1.888220179519385991e-02 9.965451507772280504e-01 8.803280421162478220e-01
-2.583974525764861085e-01 -9.660374440190958589e-01 -1.553465501462001882e-03 6.906066817468042629e+00 9.627611531564193026e-01 -2.576527902992381547e-01 8.189018026604456824e-02 -5.040710996448872550e+01 -7.950923515556523880e-02 1.966459773420482088e-02 9.966401482585600657e-01 8.832575809046628867e-01
-2.775249197492988817e-01 -9.607070826416280740e-01 -4.671218298460691476e-03 6.872460942112669002e+00 9.575514888880921616e-01 -2.770012754345153594e-01 7.978370470162284012e-02 -5.029114369999816603e+01 -7.794270361275068559e-02 1.766903420801311034e-02 9.968012541041495478e-01 8.744436283568524093e-01
-3.106921617880133990e-01 -9.503507388868394079e-01 -1.743139985121566413e-02 6.846359290202122416e+00 9.472814642604998614e-01 -3.110949652840794832e-01 7.666648579035176270e-02 -5.014641149404420872e+01 -7.828287215029226809e-02 7.307234231730301739e-03 9.969044067791537067e-01 8.823923587438781135e-01
-3.277493542798475823e-01 -9.443004678983497602e-01 -2.961396792308545328e-02 6.826666398233373734e+00 9.402528966700284263e-01 -3.290835999680878365e-01 8.734113885062860794e-02 -5.010888977942640565e+01 -9.222174945690071735e-02 7.813827387901398037e-04 9.957381876618147665e-01 8.717106410877245581e-01
-3.346129371516651241e-01 -9.415992365437716449e-01 -3.774996729765216913e-02 6.796816716571854933e+00 9.380467328184715070e-01 -3.366420120175443453e-01 8.210044332055919936e-02 -4.995581652348335666e+01 -9.001393969523074912e-02 -7.939363006615978227e-03 9.959088598739855858e-01 8.873482526269357296e-01
-3.352992609169965776e-01 -9.412104041971025570e-01 -4.119927984438560842e-02 6.762981882629731878e+00 9.384636513103222777e-01 -3.375260708196205495e-01 7.322654359200218843e-02 -4.985714669368806540e+01 -8.282741573866662932e-02 -1.411122064820811116e-02 9.964639946600072351e-01 8.760713733466753972e-01
-3.257958543105562432e-01 -9.448300116946493077e-01 -3.396042277705622198e-02 6.722343236809038558e+00 9.427566074618315417e-01 -3.273659344573160435e-01 6.357298202866903947e-02 -4.975729087075229273e+01 -7.118314689059357381e-02 -1.130459897416131315e-02 9.973992007419552053e-01 8.659485229337511303e-01
-2.999298421978682794e-01 -9.535360920350688385e-01 -2.847825390888840402e-02 6.704773369963696439e+00 9.519350330114805248e-01 -3.011040642761300123e-01 5.617860270519534072e-02 -4.962281898687142245e+01 -6.214324327496099226e-02 -1.025980813059471260e-02 9.980145057324045776e-01 8.665884923220313896e-01
-2.883291679479164094e-01 -9.572342004919336400e-01 -2.385322450065419791e-02 6.627944002148490554e+00 9.556634004888713285e-01 -2.892326543494549984e-01 5.524433567436763670e-02 -4.951055282938903446e+01 -5.978089892808256811e-02 -6.867100300087629339e-03 9.981879016781960434e-01 8.784799180620928016e-01
-2.461196540990378823e-01 -9.688279944919939712e-01 -2.823885540936434818e-02 6.625795123713696277e+00 9.668301397761186466e-01 -2.474566479260555119e-01 6.328260596553728079e-02 -4.941974296280939427e+01 -6.829785272469322821e-02 -1.172708343182411739e-02 9.975960499256589786e-01 9.031482617374438915e-01
-2.490630113228010645e-01 -9.680851055098189661e-01 -2.790779247634218169e-02 6.575391684669338765e+00 9.657798323422470688e-01 -2.504167658255249673e-01 6.753339051585015296e-02 -4.920413576564681080e+01 -7.236664861623298695e-02 -1.013271353212266690e-02 9.973266246743975882e-01 8.807346973590259864e-01
-2.347890818840688010e-01 -9.717995469566754752e-01 -2.190268391944249007e-02 6.549892677642601413e+00 9.692749043676874843e-01 -2.357605216280716787e-01 7.016506399040176034e-02 -4.917567442175618453e+01 -7.335016558396542652e-02 -4.755730906765292740e-03 9.972949093584310143e-01 8.729452291099943917e-01
-2.472276321463722781e-01 -9.688893426633057304e-01 -1.148649541014724364e-02 6.508067316720408613e+00 9.670851032247451684e-01 -2.474691643176782918e-01 5.920655227931399811e-02 -4.901251430149267918e+01 -6.020715093935483792e-02 3.529077128157620622e-03 9.981796654862692408e-01 8.689372159096619974e-01
-2.514159502537303692e-01 -9.678757738321831505e-01 -2.550762005851891275e-03 6.515900303097127200e+00 9.668584585497761452e-01 -2.512709467929310492e-01 4.525077268564183658e-02 -4.891457583118716457e+01 -4.443805901387257173e-02 8.910540193376918425e-03 9.989724026140214264e-01 8.608134082550668031e-01
-2.980116612764306394e-01 -9.545120133338335089e-01 9.791125814135182362e-03 6.427244690768018742e+00 9.541120114227421567e-01 -2.975404411822044626e-01 3.376322733470768500e-02 -4.881151266045426951e+01 -2.931415020548741590e-02 1.940366621269427536e-02 9.993818981426084713e-01 8.827665852004040747e-01
-2.775248684556975709e-01 -9.606522437886255705e-01 1.127891362580365348e-02 6.420631371281992905e+00 9.596934036225768239e-01 -2.766674725723984318e-01 4.943359853207093813e-02 -4.881241464667731123e+01 -4.436798882216395901e-02 2.454335193662259690e-02 9.987137254706557332e-01 9.007036087385803524e-01
-3.004820925946681265e-01 -9.537364156106099555e-01 9.867196573136848697e-03 6.381904758489842955e+00 9.528034093235223656e-01 -2.996861987036221753e-01 4.851644554334423598e-02 -4.854381244257465511e+01 -4.331483823780864911e-02 2.397982161747463231e-02 9.987736444978458916e-01 8.875834301498289891e-01
-2.778431860357906125e-01 -9.605932652484056034e-01 7.983904617579553470e-03 6.371336753027324384e+00 9.596050107991180855e-01 -2.771550029333580967e-01 4.840792908563248953e-02 -4.854268598548234337e+01 -4.428755155657297660e-02 2.111120812332318783e-02 9.987957397128692794e-01 8.583434436743593299e-01
-2.694086236908080911e-01 -9.628533763267238532e-01 1.823099496209992787e-02 6.318045152541847287e+00 9.624402875935511581e-01 -2.685364024565393692e-01 3.996114829022461706e-02 -4.834118641665882166e+01 -3.358104075280460288e-02 2.831212199641889443e-02 9.990349030188564461e-01 8.371705161735261136e-01
-2.502527234299603554e-01 -9.677598063922034921e-01 2.853999908315097908e-02 6.281766148755941970e+00 9.678314012933433297e-01 -2.492621751429521804e-01 3.421617619938775029e-02 -4.827756400407988480e+01 -2.599909780414955129e-02 3.618459858481816449e-02 9.990068677133808750e-01 8.580452791559229908e-01
-2.220960299932595861e-01 -9.745695050130106507e-01 2.979317639963309505e-02 6.249651323721971075e+00 9.747042816320763414e-01 -2.211359236011799234e-01 3.241090343235075721e-02 -4.814892659620370807e+01 -2.499833653493701777e-02 3.623786958096712751e-02 9.990304800047847822e-01 8.843277061019707563e-01
-2.208136983260200747e-01 -9.746956099196287804e-01 3.478187221874713686e-02 6.215511030131361636e+00 9.749965595916020300e-01 -2.196882936681481824e-01 3.344790591161957843e-02 -4.797894836671778762e+01 -2.496035689473185756e-02 4.129796155504329713e-02 9.988350509243030251e-01 8.692380216686215189e-01
-2.149542284441258722e-01 -9.757074634916371725e-01 4.230396388944634295e-02 6.182436068604217461e+00 9.762540100725636272e-01 -2.134786606845625601e-01 3.680990695079589675e-02 -4.791808371851069381e+01 -2.688470738954825898e-02 4.921185953674946101e-02 9.984264646880011140e-01 8.708670652875599716e-01
-2.198314285370873422e-01 -9.745730937963711371e-01 4.337542939924876606e-02 6.156000599287882125e+00 9.753238774451324922e-01 -2.186345843692617807e-01 3.069613335973196341e-02 -4.776264431199577842e+01 -2.043225667742670087e-02 4.905306683456199524e-02 9.985871617045032345e-01 8.738238034279440791e-01
-2.251569656720402435e-01 -9.738315426492016869e-01 3.092680634813829710e-02 6.130335853772838739e+00 9.740683304026126477e-01 -2.242598109829919695e-01 2.997373658237040273e-02 -4.766783271413062550e+01 -2.225373038901978101e-02 3.687361820295972231e-02 9.990721234046396892e-01 8.772245824235340717e-01
-2.391778866206748233e-01 -9.708765133547346826e-01 1.388288038866895488e-02 6.088664988728881511e+00 9.702932128037563553e-01 -2.384493122113134356e-01 4.090240449029589748e-02 -4.752991952197339742e+01 -3.640082057916625008e-02 2.325341527898835622e-02 9.990666939393400003e-01 8.643257801276511554e-01
-2.446792875186249716e-01 -9.695777549243616011e-01 -7.143067637997605607e-03 6.062895232808567236e+00 9.682961955701613332e-01 -2.447251269561577236e-01 5.012075299533872569e-02 -4.743296648856833997e+01 -5.034405529889982023e-02 5.346904914226042506e-03 9.987176211040600382e-01 8.786196186492158944e-01
-2.432009004116285067e-01 -9.696996123149703717e-01 -2.315132642506070523e-02 6.036448430411112120e+00 9.683794107469637646e-01 -2.441002955547222075e-01 5.153991221995717076e-02 -4.728522162332627232e+01 -5.562947852127778092e-02 -9.884714782478086839e-03 9.984025508445828478e-01 8.643707125211569364e-01
-2.583364307050571851e-01 -9.657643982635221169e-01 -2.369421062924752935e-02 5.992934299348450899e+00 9.647868214149195598e-01 -2.591760180925679058e-01 4.487962644630383302e-02 -4.714684312954570800e+01 -4.948411659193625856e-02 -1.126581965140963093e-02 9.987113714745335935e-01 8.396940052430568180e-01
-2.450118697605175866e-01 -9.694112041733772278e-01 -1.452931174051177304e-02 5.964728313688206995e+00 9.684955765074260148e-01 -2.454142357154414089e-01 4.228677327421183352e-02 -4.709668614864032321e+01 -4.455897173662266841e-02 -3.710812764325898978e-03 9.989998638169304002e-01 8.382696384801344713e-01
-2.318653475464580449e-01 -9.727248974372431078e-01 -6.688386422789519697e-03 5.915016891039106106e+00 9.720333023139052786e-01 -2.319530425867638856e-01 3.672935103789141953e-02 -4.693290957563113608e+01 -3.727894580202281705e-02 2.014929401864652605e-03 9.993028671324993839e-01 8.634518119829450722e-01
-1.983262512631678021e-01 -9.800774446743563129e-01 -1.071916510532268038e-02 5.894507631000186265e+00 9.795459929632168716e-01 -1.985744303159050483e-01 3.252450298816546292e-02 -4.685417916198598220e+01 -3.400508388218673878e-02 -4.049452474985624877e-03 9.994134560854444072e-01 8.945026741032985340e-01
-1.978285650459412903e-01 -9.800569033136684594e-01 -1.877032549427295333e-02 5.853285289525238078e+00 9.795516434436154496e-01 -1.983698173438327717e-01 3.358561290343886618e-02 -4.663720404306165079e+01 -3.663927781780967202e-02 -1.174230957900720441e-02 9.992595666224921569e-01 8.992820181289439274e-01
-1.921884943678276725e-01 -9.811580104900824439e-01 -1.981264959176870510e-02 5.814122602358617442e+00 9.804101801343111378e-01 -1.928508518732184318e-01 4.005530702666923459e-02 -4.660826024281601576e+01 -4.312147170348553521e-02 -1.172635420630394228e-02 9.990010166636374978e-01 8.764947163565079968e-01
-1.923973455186996917e-01 -9.811990906011499591e-01 -1.521860837629807756e-02 5.818145801411835016e+00 9.805977585003556873e-01 -1.928268869197839464e-01 3.529628457963798066e-02 -4.641014851082552184e+01 -3.756723920758257146e-02 -8.132421801494225944e-03 9.992610100738384959e-01 8.772953052830630982e-01
-2.074427854240749880e-01 -9.780755121058065660e-01 -1.832439342914758337e-02 5.755694549762309542e+00 9.775561283779783395e-01 -2.079638279421364144e-01 3.369068326017077286e-02 -4.635210687999902746e+01 -3.676284328511827265e-02 -1.092423391713893445e-02 9.992643066109887506e-01 8.828990834082470762e-01
-2.107986995549852027e-01 -9.770963460217337859e-01 -2.909705924981665845e-02 5.767950796599910390e+00 9.770080336777664520e-01 -2.115650173952033086e-01 2.637319745312343908e-02 -4.619188760513168290e+01 -3.192507471068132402e-02 -2.286862491724005533e-02 9.992286102784146973e-01 8.877591948381199360e-01
-2.258256502796474607e-01 -9.735336506197447282e-01 -3.514266334323559726e-02 5.717116969297466156e+00 9.733288843733675089e-01 -2.269810751071228982e-01 3.332378111713069774e-02 -4.610438751024695847e+01 -4.041854179117809059e-02 -2.668000476522443959e-02 9.988265709446355611e-01 8.708572151668749761e-01
-2.229900920352529126e-01 -9.742988236191293394e-01 -3.189390456781424077e-02 5.723908362424825924e+00 9.737525963225742709e-01 -2.241576875460030704e-01 3.948686198359478011e-02 -4.597082817164982771e+01 -4.562126707375099843e-02 -2.225159339186532498e-02 9.987109524691922813e-01 8.816029125301975133e-01
-2.300531722792361622e-01 -9.730001324836926591e-01 -1.860860314666176740e-02 5.684803577140904451e+00 9.722911555167512709e-01 -2.306176593879302461e-01 3.828059668519220859e-02 -4.584768549331357690e+01 -4.153849814839656596e-02 -9.286407551846835584e-03 9.990937472560645904e-01 8.723822295404011218e-01
-2.140965838174823943e-01 -9.768124864122464945e-01 1.385167911348693533e-04 5.687037076237116295e+00 9.764168555131594873e-01 -2.140058300194183916e-01 2.848910296485058710e-02 -4.574607975385851688e+01 -2.779886810187558177e-02 6.234669750437969553e-03 9.995940935325507981e-01 8.684014607197519942e-01
-2.082296433844821049e-01 -9.779528459947791630e-01 1.576853280354657133e-02 5.648155138776012052e+00 9.779122955763603908e-01 -2.078683842074555421e-01 2.186954521265441556e-02 -4.559718807099814342e+01 -1.810960454611228523e-02 1.997412971240253646e-02 9.996364721063432102e-01 8.685273203747120307e-01
-1.657993553282157972e-01 -9.860924401631085967e-01 1.150100978184773366e-02 5.635895607399769247e+00 9.858528306233905747e-01 -1.654456942847026824e-01 2.686854284781437993e-02 -4.553556686544366272e+01 -2.459207443207691093e-02 1.579309013124089930e-02 9.995728128450819261e-01 8.923284989549575830e-01
