5.502590066360555365e-01 -8.344337047618481940e-01 3.058460353377463053e-02 6.480905467000000364e+00 8.336762884003756646e-01 5.510789599354271040e-01 3.599758430036154033e-02 -5.618264898000000329e+01 -4.689212913565753843e-02 5.689663777819637010e-03 9.988837549741311772e-01 9.662902926999999975e-01
5.494951359708614147e-01 -8.347938023917279571e-01 3.426956423307313954e-02 6.485490839056502033e+00 8.340964114496561832e-01 5.504863121837059170e-01 3.532699400160626418e-02 -5.617703446012799873e+01 -4.835568168447775678e-02 9.172109176395363064e-03 9.987880658388373911e-01 9.667880545272006243e-01
5.478697566769273886e-01 -8.357603328977869506e-01 3.665236245242455698e-02 6.485284410966324131e+00 8.352188057221763273e-01 5.489470671135103785e-01 3.265982356805987447e-02 -5.617010438257516114e+01 -4.741599188866457704e-02 1.271941280306610779e-02 9.987942432008503069e-01 9.727560459511891411e-01
5.477056612605633035e-01 -8.357672422983180027e-01 3.887962608091285327e-02 6.491416692371524633e+00 8.352498143308091372e-01 5.488920284011864492e-01 3.279159675861553769e-02 -5.617345624695168738e+01 -4.874685921653867243e-02 1.451405727886668356e-02 9.987057053295672615e-01 9.712397669815066026e-01
5.473757425515024533e-01 -8.360421314178169139e-01 3.759456025200151597e-02 6.493493524451778853e+00 8.355954681898006831e-01 5.484740054667830433e-01 3.092699254519358162e-02 -5.616703313853764712e+01 -4.647590781100442714e-02 1.448515866585109446e-02 9.988143822410483486e-01 9.698824523641841333e-01
5.490525701903476996e-01 -8.351237900607024756e-01 3.330961485841139186e-02 6.485452997954689991e+00 8.347204815968964908e-01 5.499292496745237235e-01 2.862757333515570171e-02 -5.617312448171006167e+01 -4.222549904992984465e-02 1.208617503844085575e-02 9.990350001891437071e-01 9.645283204709895752e-01
5.517101046722678870e-01 -8.335578338809199739e-01 2.823646539948589801e-02 6.497384194027508109e+00 8.330672406243089245e-01 5.523846501039798573e-01 2.949865976789827968e-02 -5.615950812079005061e+01 -4.018622899838813350e-02 7.248165647095311352e-03 9.991659177001775971e-01 9.606809124493461693e-01
5.508743924294994265e-01 -8.341576484671099356e-01 2.680338167549133066e-02 6.492781206918739834e+00 8.336002655831887820e-01 5.515006509724368344e-01 3.094558444453482382e-02 -5.615581523486935822e+01 -4.059557839299027943e-02 5.296176053958950684e-03 9.991616233293491023e-01 9.601370376342927004e-01
5.475172392412908096e-01 -8.363928261335521475e-01 2.592128711916236519e-02 6.481302328118302647e+00 8.358867571238651761e-01 5.481032894339691319e-01 2.959921243225011045e-02 -5.615947019482185709e+01 -3.896411167391298364e-02 5.461181555891945170e-03 9.992256869684006393e-01 9.690024439844657778e-01
5.478166177132959280e-01 -8.362039707816342204e-01 2.568798563882597127e-02 6.481863815804515205e+00 8.357423729216055808e-01 5.483867240951618705e-01 2.840223476312746589e-02 -5.617253483022874860e+01 -3.783701178107953811e-02 5.909321889933922059e-03 9.992664511802021865e-01 9.721687986939585580e-01
5.500973535027179340e-01 -8.347393649611710709e-01 2.455797739050773199e-02 6.492395765806003638e+00 8.342448501672852235e-01 5.506269303199390341e-01 2.907771613804651517e-02 -5.617091127763553260e+01 -3.779459800899689220e-02 4.491791475114007351e-03 9.992754335870958071e-01 9.748223378425490138e-01
5.480276142763401692e-01 -8.360734531760648514e-01 2.543452151736976669e-02 6.488402239255645298e+00 8.355298084876751075e-01 5.485986990601344759e-01 3.048616929163503256e-02 -5.616379218701085563e+01 -3.944202224941472518e-02 4.544038267065284194e-03 9.992115284548612753e-01 9.710730154609045206e-01
5.482639272199187896e-01 -8.358849042393873274e-01 2.651590040115640520e-02 6.495564719443517987e+00 8.352859979569582372e-01 5.488853154431987402e-01 3.197205198092602924e-02 -5.616639902504648063e+01 -4.127914396436373895e-02 4.619237547966462132e-03 9.991369750529907057e-01 9.657755997191568298e-01
5.477324829073112467e-01 -8.362009860279784323e-01 2.751432597772639557e-02 6.502586857154759592e+00 8.355882117990540703e-01 5.483982007756875721e-01 3.243075220298170802e-02 -5.616199102316082303e+01 -4.220743383150495770e-02 5.227270015894922538e-03 9.990951947524999710e-01 9.648085139499433804e-01
5.493203159764150634e-01 -8.351464275079705235e-01 2.788610901907980638e-02 6.497353893951743231e+00 8.345256718869454859e-01 5.500017074129085470e-01 3.263471777926219702e-02 -5.617816249288212305e+01 -4.259217553967991482e-02 5.344760383156081998e-03 9.990782452437043659e-01 9.622517803785767265e-01
5.515618888465764202e-01 -8.336242009369501105e-01 2.915774998529705939e-02 6.508240632856097108e+00 8.329765999184980396e-01 5.523007533183857953e-01 3.337456924319128632e-02 -5.616601002399865905e+01 -4.392569589892091758e-02 5.879582992812431609e-03 9.990174992179177149e-01 9.591904638121511173e-01
5.500478998929073660e-01 -8.344655798132019076e-01 3.338418683141116533e-02 6.502155397733031528e+00 8.337945256388544779e-01 5.509897168523979483e-01 3.459799036938678712e-02 -5.617086996885873162e+01 -4.726517574355070667e-02 8.805000279740762131e-03 9.988435688995556117e-01 9.660625760072418799e-01
5.497536817277873800e-01 -8.345322107128614331e-01 3.642634636388799446e-02 6.500027496292459794e+00 8.338976344838857635e-01 5.508408221349105904e-01 3.448367544107890093e-02 -5.616666458308509391e+01 -4.884285647780547274e-02 1.141831653249938787e-02 9.987412064286967928e-01 9.670004626172625795e-01
5.523858823253829931e-01 -8.326859735542740948e-01 3.878023276816780496e-02 6.505557777247753748e+00 8.321443056089471435e-01 5.535691292944598940e-01 3.312210341733240471e-02 -5.616755252508549745e+01 -4.904785061754001613e-02 1.397456754756637790e-02 9.986986631670509151e-01 9.726252684457638020e-01
5.535953836380198556e-01 -8.318265174839035714e-01 3.995993024580015568e-02 6.510065710400629868e+00 8.314440612214453186e-01 5.547895048447376576e-01 3.015590114278773187e-02 -5.616423240579597120e+01 -4.725382814389387370e-02 1.653027902760393839e-02 9.987461267013824084e-01 9.702445257414294977e-01
5.519441770290258731e-01 -8.329153251182211948e-01 4.012090012617067214e-02 6.512493801005718730e+00 8.326337166918579280e-01 5.531109323203327044e-01 2.809609182163831653e-02 -5.616669162111199398e+01 -4.559297392849070291e-02 1.789853991085229787e-02 9.987997411880984444e-01 9.695917005612837425e-01
5.554939305292936336e-01 -8.305540489395452086e-01 4.008073022312819839e-02 6.511902798466438824e+00 8.303064030617428593e-01 5.566419526429201570e-01 2.722156484414341507e-02 -5.617135263311658377e+01 -4.491959683453220636e-02 1.815787289322458309e-02 9.988255710944797805e-01 9.597767356278060769e-01
5.550198549980909224e-01 -8.308477214212239836e-01 4.055889997317307927e-02 6.515309653597536332e+00 8.305524896205769281e-01 5.562123245150969453e-01 2.846773687162361746e-02 -5.616637361667171291e+01 -4.621171434766377373e-02 1.788613615838067702e-02 9.987715272225029528e-01 9.613395953481310707e-01
5.577261106750385222e-01 -8.290394209595489672e-01 4.043790259553479982e-02 6.520867025097971670e+00 8.286279306014467938e-01 5.589516991211141983e-01 3.080179664894171915e-02 -5.616544886444364693e+01 -4.813873802302317401e-02 1.632900929878533178e-02 9.987071769827571277e-01 9.623774263758531067e-01
5.600270520929951923e-01 -8.274890802436620785e-01 4.039211558588257783e-02 6.522852489982721380e+00 8.269583124469305213e-01 5.612856108176536019e-01 3.314230776513927418e-02 -5.616555956634010016e+01 -5.009641103856939115e-02 1.484200682379517404e-02 9.986340993749885930e-01 9.618038615580091211e-01
5.629007517076878298e-01 -8.255658714875295789e-01 3.979617521736066033e-02 6.525859541602020641e+00 8.248586087922835652e-01 5.641701153833893478e-01 3.633670884345099189e-02 -5.615994653709469020e+01 -5.245015946753080888e-02 1.237225700248609575e-02 9.985468982619155609e-01 9.575491851209807503e-01
5.580511633137438254e-01 -8.287950166831560272e-01 4.095997369772956531e-02 6.532317244792067434e+00 8.279599063990098484e-01 5.594217718281830898e-01 3.911105470812530072e-02 -5.614185454703000033e+01 -5.532894829933885511e-02 1.208724641058317451e-02 9.983950149887048653e-01 9.542228845257189063e-01
5.581494532243684858e-01 -8.285664576457515418e-01 4.412270537584189051e-02 6.534872895425694495e+00 8.275827000542442802e-01 5.597428157257569037e-01 4.236572688333097719e-02 -5.615386629340621738e+01 -5.980018759382332155e-02 1.286878035325482450e-02 9.981274127364503368e-01 9.601452111274909607e-01
5.536870805218513381e-01 -8.314801951864441154e-01 4.551155760765172864e-02 6.548027270388475429e+00 8.302580219455280020e-01 5.554254495926104207e-01 4.662817753217053662e-02 -5.614431829262765206e+01 -6.404868350152999323e-02 1.196891630714851801e-02 9.978749977748465616e-01 9.649615857284455922e-01
5.452666463452620071e-01 -8.372066306962143711e-01 4.206354599478711459e-02 6.560665629868014825e+00 8.356893705297262498e-01 5.468367985374651408e-01 5.091946336080593188e-02 -5.613458241606885224e+01 -6.563200718408525314e-02 7.387373254186431482e-03 9.978165494465341956e-01 9.692214520024654556e-01
5.319555095716024251e-01 -8.460627289737612244e-01 3.465825266600325305e-02 6.570882320914354757e+00 8.443586611362283723e-01 5.330828766408816088e-01 5.367586046395865507e-02 -5.613248320612512998e+01 -6.388886601469415116e-02 7.108261135900171808e-04 9.979567663609425487e-01 9.652825440277188473e-01
5.143185190285238795e-01 -8.571252378263439775e-01 2.850943116602977848e-02 6.592589228394782452e+00 8.552524388162321411e-01 5.150852432813948223e-01 5.683711861681048361e-02 -5.611655327850787955e+01 -6.340131609976951133e-02 -4.849622138834264878e-03 9.979763295198558204e-01 9.556380102187763681e-01
5.075787825184370217e-01 -8.611057732086572214e-01 2.933644293011953771e-02 6.616762152761241467e+00 8.590719020209405254e-01 5.084020019544931435e-01 5.935378308764677896e-02 -5.612270598928033394e+01 -6.602459159444643011e-02 -4.924607130982821060e-03 9.978058436135700537e-01 9.440724631475101436e-01
4.944778277379138776e-01 -8.685880637486292910e-01 3.234893180570665855e-02 6.640868322134291901e+00 8.669128616597017167e-01 4.955329355713471995e-01 5.393700077922859021e-02 -5.606870918728543529e+01 -6.287899621152026608e-02 1.373054063310676001e-03 9.980202135016941201e-01 9.592872473774860520e-01
4.839410503185856416e-01 -8.742872403357854205e-01 3.772109757878738812e-02 6.665359352680977345e+00 8.733223819621014350e-01 4.852553195917619355e-01 4.284030779496268010e-02 -5.605540986398156633e+01 -5.575909773814233250e-02 1.221049523746845118e-02 9.983695842850383029e-01 9.392283353738553053e-01
4.873203130348919276e-01 -8.718506886294696834e-01 4.894169224557248787e-02 6.699344759038097230e+00 8.718770029395181975e-01 4.889152149564832128e-01 2.814967725018320543e-02 -5.601799333350084709e+01 -4.847065347984923916e-02 2.895322642447098471e-02 9.984048810131317397e-01 9.338389523748394927e-01
4.764374727554969713e-01 -8.770021340447435865e-01 6.224621623267920928e-02 6.715934011565976469e+00 8.782957548787077018e-01 4.779735567152875175e-01 1.174078545113773318e-02 -5.594224840918821684e+01 -4.004873926081256585e-02 4.907683732592398734e-02 9.979917647564533478e-01 9.390367805735551077e-01
4.777344263791658552e-01 -8.757947761153173083e-01 6.894438324659828143e-02 6.736295697295070717e+00 8.779027461421577971e-01 4.788386281218564022e-01 -5.801159097651581442e-04 -5.592407509101621343e+01 -3.250517140719516584e-02 6.080360472465612398e-02 9.976203363425748538e-01 9.433478250811109245e-01
5.113453742590170492e-01 -8.557670073657646093e-01 7.866852819334682612e-02 6.781131416027977643e+00 8.583464649404078939e-01 5.130667677075482214e-01 1.959081027177944027e-03 -5.586926404138614544e+01 -4.203872438828559766e-02 6.652308605578279022e-02 9.968989039383158168e-01 9.514159046185203250e-01
4.980951004610159050e-01 -8.631619520766115050e-01 8.278112939541887316e-02 6.810869324157468263e+00 8.660214645678481205e-01 4.999997770084115833e-01 2.654411297559705792e-03 -5.570222114347309628e+01 -4.368173307542948941e-02 7.036808565568319906e-02 9.965642170561189728e-01 9.779743055789729134e-01
4.982715461989143391e-01 -8.635311882583067700e-01 7.771327527324155271e-02 6.830974216234947605e+00 8.657791521955577885e-01 5.003508029631045240e-01 8.691006717255048142e-03 -5.570677470630295858e+01 -4.638885504157166939e-02 6.295205222537995915e-02 9.969378682989921137e-01 9.682881628412594033e-01
5.061931079901035302e-01 -8.599454941614664838e-01 6.528617383996697388e-02 6.876371858121355096e+00 8.611861357169964259e-01 5.080666128322296471e-01 1.505843863277871869e-02 -5.559711950258291324e+01 -4.611916165901451536e-02 4.860106991198929333e-02 9.977529548597047215e-01 9.670759377286958225e-01
4.929947023805395512e-01 -8.686914385476971479e-01 4.828465614050989063e-02 6.901861310565077900e+00 8.690799884454480928e-01 4.942920567252064301e-01 1.937359909958078288e-02 -5.549504233383681395e+01 -4.069640166362584882e-02 3.241214667855375070e-02 9.986457107699968638e-01 9.527626538953397617e-01
4.717708531549563711e-01 -8.813214281508603420e-01 2.654811472636809180e-02 6.947866328467358521e+00 8.812238702873503859e-01 4.723021172801590839e-01 1.937009159783969342e-02 -5.539259439252350603e+01 -2.961000758548542819e-02 1.425658776920547474e-02 9.994598526984246334e-01 9.543708577862404230e-01
4.138254147169070918e-01 -9.103093553670049687e-01 9.241410370922957529e-03 6.953396589012056594e+00 9.101720562631558931e-01 4.139245653317201734e-01 1.591484252788046699e-02 -5.531704507217633449e+01 -1.831267681316388340e-02 1.825307170826212088e-03 9.998306427198844215e-01 9.411738865952079536e-01
3.801764683268560874e-01 -9.249017252630001851e-01 4.759362982916029439e-03 6.989178752992822652e+00 9.247738668963796371e-01 3.802034088461558881e-01 1.544872186690661106e-02 -5.529386567471375002e+01 -1.609807553785679371e-02 -1.471906009843304596e-03 9.998693341915547705e-01 9.350413863568951545e-01
3.344397778813377742e-01 -9.424045558241896936e-01 4.867045557262565485e-03 7.000412482836741113e+00 9.420637446235397006e-01 3.344513293027731038e-01 2.565559185675323275e-02 -5.517692488933325734e+01 -2.580573650457990489e-02 -3.995183279052827961e-03 9.996589930941495172e-01 9.567147407399136938e-01
3.055210618127239819e-01 -9.521538039345389670e-01 7.746898849165634836e-03 7.042500145299742442e+00 9.515436926341117596e-01 3.056037092984675296e-01 3.421949548567310151e-02 -5.510500724739706158e+01 -3.494970381927557657e-02 -3.083263858075146243e-03 9.993843163102524851e-01 9.420052016636657477e-01
2.824262722196464459e-01 -9.591462707185739456e-01 1.654787378286641519e-02 7.070538746711377165e+00 9.588402776907301028e-01 2.827797203717262731e-01 2.570897945251695779e-02 -5.500617346192365176e+01 -2.933807488693297716e-02 8.605876663815233835e-03 9.995324988457150450e-01 9.310361386875248835e-01
2.698838223660525171e-01 -9.626651986134968642e-01 2.093890645410045534e-02 7.094716672496748977e+00 9.627310744450316982e-01 2.701733140284238721e-01 1.246028430069177906e-02 -5.491494186088261387e+01 -1.765221580994628600e-02 1.679570675342940272e-02 9.997031076832928465e-01 9.319036220296675888e-01
2.851812612893940835e-01 -9.583473588439775925e-01 1.555596368364920920e-02 7.120866357257584767e+00 9.584678109694768633e-01 2.851984001675306746e-01 -1.152335587603554347e-03 -5.484608756685867093e+01 -3.332198188763999848e-03 1.523851497569845594e-02 9.998783346570446762e-01 9.401034057100305930e-01
2.898039522915653587e-01 -9.570070317654072456e-01 1.229676330241660613e-02 7.147278147027217976e+00 9.570594872986809554e-01 2.898676817152941454e-01 3.723555912813279745e-03 -5.465509277832023827e+01 -7.127903462812556178e-03 1.068963276154114364e-02 9.999174589653015977e-01 9.499309485435172284e-01
2.737605237147748283e-01 -9.617428314863269989e-01 1.029085710901003758e-02 7.167432298366765764e+00 9.616325577275326442e-01 2.738961769853159312e-01 1.561115470683529204e-02 -5.454657630117073808e+01 -1.783254255058892151e-02 5.622305354618601161e-03 9.998251797732723434e-01 9.458912824811817055e-01
2.561176444143130615e-01 -9.665989049156533675e-01 9.503117145870884977e-03 7.203236723822276311e+00 9.663206070616434662e-01 2.562740716948543884e-01 2.341120554362098941e-02 -5.444915207638437238e+01 -2.506464816599125039e-02 3.187035112652334030e-03 9.996807521501448468e-01 9.438745680715995290e-01
2.036947371166851206e-01 -9.790081425938909065e-01 7.177102883260085171e-03 7.216838783075856689e+00 9.787722712690288818e-01 2.038043604591633084e-01 2.164771703297661137e-02 -5.429615010538611131e+01 -2.265601610693150289e-02 2.615223259979961457e-03 9.997398989444379325e-01 9.384632290805667854e-01
1.574350274526317428e-01 -9.875279420884794934e-01 -1.666050858070659531e-03 7.260949515916736985e+00 9.872045409437597563e-01 1.573397549852824373e-01 2.591130720802511597e-02 -5.424703240712830166e+01 -2.532600385016887945e-02 -5.724080334151075179e-03 9.996628573840682375e-01 9.249563906791656853e-01
7.388039758936366941e-02 -9.972509345194601194e-01 -5.679828526918374865e-03 7.255429249200163078e+00 9.966776113342233900e-01 7.363972963522569248e-02 3.479840922199878978e-02 -5.408357112760942442e+01 -3.428448507933987144e-02 -8.231878237787572383e-03 9.993782118214762367e-01 9.064241981463254660e-01
3.619427707904545460e-02 -9.993268355154031335e-01 -5.987497431852887263e-03 7.314206395001351169e+00 9.979719669611595290e-01 3.582997095616521216e-02 5.261336656187993316e-02 -5.410287012820205632e+01 -5.236341725301999622e-02 -7.879657356636406151e-03 9.985970075728722861e-01 9.117763448001932058e-01
-2.024761473845804530e-02 -9.997860905646296370e-01 -4.219859109855463551e-03 7.287276793654088536e+00 9.979955112900908976e-01 -2.046411116772847705e-02 5.988471924419969811e-02 -5.390997006924985868e+01 -5.995826500366274736e-02 -2.998877725928611113e-03 9.981963800726291192e-01 9.351022425718137354e-01
-2.553938024349847527e-02 -9.996601251012582345e-01 -5.232049247133521014e-03 7.317982750216334153e+00 9.979396935829226711e-01 -2.580287017747319445e-02 5.874163653014497638e-02 -5.389373539086381015e+01 -5.885667360987081875e-02 -3.721044631019484669e-03 9.982595082434215783e-01 9.237534778697958915e-01
-5.016034369835180307e-02 -9.987333996442855355e-01 3.941618328035248302e-03 7.304428993768259382e+00 9.980379183169059143e-01 -4.997655484392704572e-02 3.771813314043858528e-02 -5.366963933317613566e+01 -3.747337083504698185e-02 5.825839072906053781e-03 9.992806443023480867e-01 9.088012842071734321e-01
-4.055598394522767769e-02 -9.991504038672504029e-01 7.326842304480352466e-03 7.309017227613201051e+00 9.990706275801094494e-01 -4.044343386246342098e-02 1.490670198649658891e-02 -5.369679482460345810e+01 -1.459771464797967634e-02 7.924588905770156566e-03 9.998620442929557761e-01 8.995038889308656360e-01
-3.319231494351937602e-03 -9.999373924007727288e-01 1.068615838508824717e-02 7.322718042166122210e+00 9.998677075261079850e-01 -3.488781498390516184e-03 -1.588697108220109289e-02 -5.349452154330884213e+01 1.592325810874198680e-02 1.063201215200815404e-02 9.998166882827859148e-01 9.375186329154782117e-01
-1.758964977175110286e-02 -9.998452729085984814e-01 1.856427746957285425e-04 7.297708506733138201e+00 9.996724893424252523e-01 -1.759006131113248494e-02 -1.858773237954272281e-02 -5.329353138877675633e+01 1.858812182156042297e-02 -1.413697278832448830e-04 9.998272159436848439e-01 9.421886432460425675e-01
1.973265227623939317e-03 -9.999924493220987420e-01 -3.347763899759798479e-03 7.323122561073549974e+00 9.998295444810447741e-01 2.034377598747227119e-03 -1.835056649379197477e-02 -5.330081857906855447e+01 1.835723855045394079e-02 -3.310982720141796530e-03 9.998260094567350542e-01 9.177364103360933223e-01
-3.189284035596665068e-02 -9.994912377544710180e-01 -3.352403093120980655e-04 7.319916340702567581e+00 9.989651760448812201e-01 -3.186516916927738946e-02 -3.245285878719433165e-02 -5.304685989243819932e+01 3.242566550871142650e-02 -1.369907238986566717e-03 9.994732110319025642e-01 9.448834061363716730e-01
-4.960477646641418131e-02 -9.987485719345481350e-01 -6.376222268660321386e-03 7.317359944649343362e+00 9.979049577006494642e-01 -4.929537434744306335e-02 -4.190061412961836040e-02 -5.308086790783223563e+01 4.153386026147665860e-02 -8.441334410983930905e-03 9.991014374552210642e-01 9.251407471289063711e-01
-8.798537741415209112e-02 -9.960070430935282770e-01 -1.511765422885834147e-02 7.335273434766099498e+00 9.947813819982854744e-01 -8.706981990777022673e-02 -5.318692029845824287e-02 -5.285876240602664922e+01 5.165825578657927408e-02 -1.971843222229219955e-02 9.984701337745298666e-01 9.442454348455839863e-01
-1.193120012016341963e-01 -9.923340531904404349e-01 -3.221448816768388013e-02 7.309848890094574614e+00 9.914330621160862833e-01 -1.173411893880500212e-01 -5.737184515196377954e-02 -5.287698139707836020e+01 5.315194928153302301e-02 -3.878365830627997224e-02 9.978330011258884635e-01 9.270975053015348966e-01
-1.308372066984571924e-01 -9.905259838033857456e-01 -4.171211758822820914e-02 7.341767559177044156e+00 9.907404465263331961e-01 -1.290949324068653981e-01 -4.204599914012954048e-02 -5.269029944388972808e+01 3.626283166266566771e-02 -4.682706308524142019e-02 9.982445758442949346e-01 9.286887274656715485e-01
-1.714414751603545173e-01 -9.842113923208933857e-01 -4.399722514695323522e-02 7.296043816105523661e+00 9.850546101763439921e-01 -1.704941176324842322e-01 -2.447796607297532054e-02 -5.258005094289789838e+01 1.659022499015002511e-02 -4.753620807843145224e-02 9.987317324268005780e-01 9.224776007079494855e-01
-1.699840230975171174e-01 -9.846986327208085976e-01 -3.839315836673644344e-02 7.313967543914197122e+00 9.854242638873966786e-01 -1.695874850753798235e-01 -1.338301340553189889e-02 -5.251394719746906503e+01 6.667235830587016354e-03 -4.010844828167715176e-02 9.991730882798794955e-01 9.118054198201696048e-01
-1.867111988411882528e-01 -9.820075688907365929e-01 -2.828538259621720882e-02 7.285673816852740181e+00 9.823809358708875950e-01 -1.863881362356910321e-01 -1.368062527983991694e-02 -5.233859008645660538e+01 8.162417827130648632e-03 -3.034134657321704148e-02 9.995062669254626275e-01 9.090146581243659929e-01
-1.861656090356166859e-01 -9.823397385985719321e-01 -1.873510028020391321e-02 7.284410800857854085e+00 9.824585289895894080e-01 -1.859099536712772172e-01 -1.458519597338056410e-02 -5.223855305213216127e+01 1.084457597477359037e-02 -2.112172095303256267e-02 9.997180943025104627e-01 9.125702771945594094e-01
-1.769703588326170529e-01 -9.839814417478892627e-01 -2.149452000904665538e-02 7.253555708746262098e+00 9.842022471327650512e-01 -1.768094338472549210e-01 -9.184815809795658301e-03 -5.216031265133831596e+01 5.237254389086439497e-03 -2.278039504359809578e-02 9.997267750580924872e-01 9.262635324392968217e-01
-1.726976538332591071e-01 -9.847851140035633888e-01 -1.933389762811730736e-02 7.254885515420338216e+00 9.849414435222102471e-01 -1.728202615692867039e-01 4.848713596743399641e-03 -5.193341138845844540e+01 -8.116230217392180965e-03 -1.820539557646578058e-02 9.998013254536588512e-01 9.276008732415410574e-01
-1.886163860358508193e-01 -9.818352733957859124e-01 -2.057558831766765836e-02 7.221418854320784675e+00 9.815321233857348115e-01 -1.891562650160006909e-01 2.854116618363302521e-02 -5.184332884394293472e+01 -3.191472513962777952e-02 -1.481226927253201549e-02 9.993808318144733471e-01 9.172136543992057689e-01
-1.895856498682789437e-01 -9.816509710660560328e-01 -2.046099628834875672e-02 7.228956240519202048e+00 9.810413302423592885e-01 -1.902386056404268833e-01 3.697541453893817692e-02 -5.172878329301568101e+01 -4.018942299163746901e-02 -1.306307502227928123e-02 9.991066841686573330e-01 9.146971844639620874e-01
-2.166163127604413263e-01 -9.758695258397660499e-01 -2.749621034554080787e-02 7.189810471933371971e+00 9.751666514098262795e-01 -2.176192426128575330e-01 4.113231360850905932e-02 -5.158461536930706615e+01 -4.612347584795892241e-02 -1.790345725992765341e-02 9.987752956465086873e-01 9.011265034314717148e-01
-2.465097122638843230e-01 -9.685944235346349851e-01 -3.252390593418222342e-02 7.187473781388915128e+00 9.681801478525245974e-01 -2.476202657974410082e-01 3.621333001398917284e-02 -5.144157238794079490e+01 -4.312960774137273440e-02 -2.256206249422011700e-02 9.988146926592575969e-01 8.932539078510239872e-01
-2.639572936587546437e-01 -9.637903336386290931e-01 -3.787796073073441960e-02 7.161120708500595455e+00 9.627954824984448212e-01 -2.656352053740009822e-01 4.962657097294707192e-02 -5.140942570013702095e+01 -5.789132927322621774e-02 -2.336943411021037004e-02 9.980493292138777894e-01 8.935634013454135660e-01
-2.809028203749708852e-01 -9.590783164915320791e-01 -3.553010471685537353e-02 7.140283914734376403e+00 9.574928586395970997e-01 -2.825838666233254082e-01 5.791186388312152822e-02 -5.121437348593745753e+01 -6.558224729034309308e-02 -1.775221563515579082e-02 9.976892440436120335e-01 9.067779454696865971e-01
-2.892536451866369318e-01 -9.568562832558851206e-01 -2.753873526530890153e-02 7.114621264488246055e+00 9.549153065216310354e-01 -2.904370817607832000e-01 6.150657614447182370e-02 -5.115538583497470881e+01 -6.685122375124408212e-02 -8.506158474343069806e-03 9.977266956190419256e-01 8.898086407406727849e-01
-2.847676985846979703e-01 -9.585364780951067809e-01 -1.073210155737141548e-02 7.084274071525364036e+00 9.565224664809690580e-01 -2.848698251080629684e-01 6.256160052385424664e-02 -5.101362940336976948e+01 -6.302482812382713406e-02 7.550026748781300465e-03 9.979834007316834565e-01 8.813796212152781306e-01
-2.807649102506071248e-01 -9.597754285233193183e-01 -1.480531958531413738e-03 7.039221252841974419e+00 9.573863018148252024e-01 -2.801741484584366337e-01 7.009932690809637934e-02 -5.089788001422076746e+01 -6.769441830316923203e-02 1.826399021149086380e-02 9.975389177330729051e-01 8.921297773577678836e-01
-2.503627789082606414e-01 -9.681489103365081839e-01 -2.483213964163810596e-03 7.017343976438942477e+00 9.648926973001415996e-01 -2.497293714902610595e-01 8.134693425073322159e-02 -5.080545363704683837e+01 -7.937607721661806004e-02 1.797020949483266877e-02 9.966827529040183098e-01 8.960924404508755492e-01
-2.390743930118900962e-01 -9.709821986375064551e-01 -6.083135301369132705e-03 6.979219811897026560e+00 9.676878661142560567e-01 -2.387710182513809176e-01 8.104686680248390784e-02 -5.060198285880989033e+01 -8.014754133063450858e-02 1.348965426725977183e-02 9.966917280916512967e-01 8.909093234529951166e-01
-2.439903909313795305e-01 -9.697766096440599837e-01 -1.420042411745197665e-03 6.944537057744519792e+00 9.663993264992918331e-01 -2.432622820878982683e-01 8.304097696419916741e-02 -5.048934249693402876e+01 -8.087663985962219304e-02 1.888887240251374902e-02 9.965451217201836132e-01 8.803445711673129059e-01
-2.583972086107014787e-01 -9.660375201879883855e-01 -1.546664562883469764e-03 6.906061668604660753e+00 9.627613268206027808e-01 -2.576519975126548845e-01 8.189063289801606915e-02 -5.040711308754504216e+01 -7.950792514554054502e-02 1.967124212550881018e-02 9.966401216448226297e-01 8.832746087408901436e-01
-2.775246622668442464e-01 -9.607071900441078727e-01 -4.664421857423005184e-03 6.872455925526375076e+00 9.575516817635684186e-01 -2.770004812722551835e-01 7.978414708929230936e-02 -5.029114693080325083e+01 -7.794125085958961141e-02 1.767564348117965992e-02 9.968012505218297736e-01 8.744611076847403908e-01
-3.106919079219052637e-01 -9.503509464126126405e-01 -1.742460916468092577e-02 6.846354543497125356e+00 9.472816873566315410e-01 -3.110941774931485493e-01 7.666692591134084689e-02 -5.014641483101267028e+01 -7.828118005462170181e-02 7.313780314858718719e-03 9.969044916473571716e-01 8.824102275813051621e-01
-3.277491931813262815e-01 -9.443007366590872032e-01 -2.960718011132214972e-02 6.826661708160547626e+00 9.402531314196792556e-01 -3.290828132534847628e-01 8.734157587723657967e-02 -5.010889323572287424e+01 -9.221992856538559213e-02 7.878872127771960636e-04 9.957383511791878528e-01 8.717289037256117368e-01
-3.346127559282544572e-01 -9.415995727689928652e-01 -3.774318655599758626e-02 6.796812357166909457e+00 9.380469777410270771e-01 -3.366412243646950131e-01 8.210087459476272942e-02 -4.995582007947186298e+01 -9.001206097603431378e-02 -7.932882166891173231e-03 9.959090813218258731e-01 8.873669301032216516e-01
-3.352990238671116896e-01 -9.412107850967942335e-01 -4.119250673717850947e-02 6.762977627832675864e+00 9.384639031473315240e-01 -3.375252790933983005e-01 7.322696540526461850e-02 -4.985715035680961194e+01 -8.282552193237585625e-02 -1.410475063185421749e-02 9.964642436766865119e-01 8.760905161914144257e-01
-3.257955281795201219e-01 -9.448303673641604838e-01 -3.395365554378731998e-02 6.722339096148855830e+00 9.427568590074374422e-01 -3.273651317099496860e-01 6.357338542997949260e-02 -4.975729463440963940e+01 -7.118130802952311875e-02 -1.129811696795527710e-02 9.973994054239710971e-01 8.659681776332502912e-01
-2.999294403384745178e-01 -9.535364203376143211e-01 -2.847149290126682261e-02 6.704769446199574823e+00 9.519352687937123747e-01 -3.011032467868515750e-01 5.617898896508162487e-02 -4.962282286630805572e+01 -6.214157098939494805e-02 -1.025328552884123383e-02 9.980146768914467392e-01 8.666084917277611099e-01
-2.883287399257163930e-01 -9.572344977775445463e-01 -2.384646719052121652e-02 6.627940352788286305e+00 9.556636299592847772e-01 -2.892318255493623314e-01 5.524470528939670610e-02 -4.951055676937446748e+01 -5.977929496098517703e-02 -6.860565133333089254e-03 9.981880426752873792e-01 8.785006704593899540e-01
-2.461192664479355807e-01 -9.688282898758511230e-01 -2.823209909666954745e-02 6.625791816750149721e+00 9.668303322500149122e-01 -2.474558037161309898e-01 6.328296649673559315e-02 -4.941974702333256175e+01 -6.829652498186782050e-02 -1.172049245691716632e-02 9.975962182826620950e-01 9.031692737671133120e-01
-2.490626447307398572e-01 -9.680853945112523062e-01 -2.790103822017598115e-02 6.575388513640529453e+00 9.657800287290847496e-01 -2.504159147141312713e-01 6.753373798356909763e-02 -4.920413992061550346e+01 -7.236528938602730665e-02 -1.012613410310745504e-02 9.973267901245308487e-01 8.807562523043922509e-01
-2.347887115897129562e-01 -9.717997885849193329e-01 -2.189593150307186237e-02 6.549889577180175948e+00 9.692750904555980096e-01 -2.357596585258217581e-01 7.016539342287715642e-02 -4.917567868776811224e+01 -7.334889182860311607e-02 -4.749138668302383889e-03 9.972950344553613844e-01 8.729672229379781268e-01
-2.472271684891590993e-01 -9.688895409083171373e-01 -1.147975083984104604e-02 6.508064432265495469e+00 9.670853069991435236e-01 -2.474682943855134043e-01 5.920685991003040577e-02 -4.901251866256571077e+01 -6.020578167716029300e-02 3.535645965474897966e-03 9.981797248292222369e-01 8.689597165300386727e-01
-2.514153740153037275e-01 -9.678759412375128601e-01 -2.544028770930051829e-03 6.515897549746387796e+00 9.668586731390136357e-01 -2.512700693994071033e-01 4.525105965605206310e-02 -4.891458033273068651e+01 -4.443665024242089701e-02 8.917095806132173050e-03 9.989724067848455569e-01 8.608361041231145094e-01
-2.980109883245660174e-01 -9.545121544686079318e-01 9.797847190391938479e-03 6.427242275380747216e+00 9.541122749367794142e-01 -2.975395663411297131e-01 3.376349029058040019e-02 -4.881151720663324767e+01 -2.931241465553191192e-02 1.941013738309704459e-02 9.993818233856963662e-01 8.827901225529156681e-01
-2.775242841791676351e-01 -9.606523335759240556e-01 1.128564070061303763e-02 6.420629172891799463e+00 9.596936469242013379e-01 -2.766665842252266638e-01 4.943384697336656447e-02 -4.881241931297801528e+01 -4.436638078916537581e-02 2.454985067735879212e-02 9.987136371789844258e-01 9.007274675416659937e-01
-3.004815006293125590e-01 -9.537365325399361771e-01 9.873919095947482696e-03 6.381902816663987288e+00 9.528036766712394412e-01 -2.996853103801041529e-01 4.851668232951288767e-02 -4.854381720774608766e+01 -4.331306386635119798e-02 2.398627192970586089e-02 9.987735665591613854e-01 8.876077553721709590e-01
-2.778425872604409208e-01 -9.605933825752375199e-01 7.990623076027183330e-03 6.371334714484874873e+00 9.596052595087513071e-01 -2.771541024143445164e-01 4.840815466597596373e-02 -4.854269087910154212e+01 -4.428591906844443760e-02 2.111769086741083906e-02 9.987956750529973782e-01 8.583681162069440873e-01
-2.694079437449526937e-01 -9.628534395418401060e-01 1.823770296993934559e-02 6.318043258135587870e+00 9.624405332863786855e-01 -2.685354916697666461e-01 3.996135134399367989e-02 -4.834119139655849295e+01 -3.357945405633902536e-02 2.831861006716701948e-02 9.990347724624107917e-01 8.371957746865191785e-01
-2.502519807983650257e-01 -9.677598008701551180e-01 2.854669729243292445e-02 6.281764551233676386e+00 9.678316327763092364e-01 -2.492612515980257848e-01 3.421635646103084183e-02 -4.827756907632299743e+01 -2.599762881912031504e-02 3.619110763098749156e-02 9.990066701599651378e-01 8.580710428087825470e-01
-2.220952671374004095e-01 -9.745694742464011684e-01 2.979986883042496856e-02 6.249650121065337238e+00 9.747044885726920960e-01 -2.211349871380587639e-01 3.241106940300850919e-02 -4.814893176362150484e+01 -2.499704525731400936e-02 3.624441102516762214e-02 9.990302750155852785e-01 8.843539342789956681e-01
-2.208129278946903418e-01 -9.746955457781030230e-01 3.478856011611657084e-02 6.215509986694267575e+00 9.749967672088633019e-01 -2.196873497034283473e-01 3.344805394494442669e-02 -4.797895363553950432e+01 -2.495906262316664043e-02 4.130449637303217764e-02 9.988348130557994642e-01 8.692647213499504755e-01
-2.149534625667429422e-01 -9.757073423870155082e-01 4.231064810054720876e-02 6.182435192234776444e+00 9.762542135859516579e-01 -2.134777080082235767e-01 3.681003449321659793e-02 -4.791808908628512143e+01 -2.688344074769458483e-02 4.921839285923394758e-02 9.984261767490811845e-01 8.708942512384892920e-01
-2.198306135671816708e-01 -9.745729805128542367e-01 4.338210452507062359e-02 6.155999990789904786e+00 9.753240885946077299e-01 -2.186336265220464314e-01 3.069624669371594575e-02 -4.776264978471105849e+01 -2.043094579236772249e-02 4.905958630212390453e-02 9.985868682522113238e-01 8.738514161133569269e-01
-2.251561570228489129e-01 -9.738315176585775612e-01 3.093347975176117051e-02 6.130335458081487054e+00 9.740685483485735929e-01 -2.242588493094240798e-01 2.997384901351239639e-02 -4.766783829231921032e+01 -2.225237230062186017e-02 3.688012637223769818e-02 9.990719134304718585e-01 8.772526280519863384e-01
-2.391771686981674638e-01 -9.708765946749668974e-01 1.388956032178160355e-02 6.088664740439114986e+00 9.702934446677795588e-01 -2.384483487845839578e-01 4.090252066573859396e-02 -4.752992519210690148e+01 -3.639935725349489892e-02 2.325989841499548696e-02 9.990665963373587255e-01 8.643543600905746471e-01
-2.446786571250989251e-01 -9.695779632172795148e-01 -7.136385006268636949e-03 6.062895273153251274e+00 9.682964334524397643e-01 -2.447241603186461056e-01 5.012087708523563917e-02 -4.743297226237772435e+01 -5.034254374733158899e-02 5.353372749837121553e-03 9.987176626500123833e-01 8.786486341928244626e-01
-2.432002979042878210e-01 -9.696999228329976628e-01 -2.314464856103929866e-02 6.036448621062279862e+00 9.683796489841002275e-01 -2.440993235586255417e-01 5.154003950165579606e-02 -4.728522750348133030e+01 -5.562796538531370599e-02 -9.878253688595321422e-03 9.984026991004210094e-01 8.644001633295625986e-01
-2.583357839376121401e-01 -9.657647348673145116e-01 -2.368754153725275910e-02 5.992934562815213084e+00 9.647870779550326015e-01 -2.591750431782604003e-01 4.487974158480682180e-02 -4.714684909963540349e+01 -4.948249133326396154e-02 -1.125939075843286272e-02 9.987115245009693387e-01 8.397240073529923521e-01
-2.450111794967461953e-01 -9.694114784913961946e-01 -1.452264751387970405e-02 5.964728716128975705e+00 9.684958223490396367e-01 -2.454132494867809766e-01 4.228686638882393767e-02 -4.709669222138307987e+01 -4.455742378428365763e-02 -3.704368435489743643e-03 9.989999567767990918e-01 8.383001000109797651e-01
-2.318645983557971191e-01 -9.727251217651419202e-01 -6.681730043095505771e-03 5.915017724785411879e+00 9.720335374770785464e-01 -2.319520456482499216e-01 3.672942334949121090e-02 -4.693291572683703805e+01 -3.727747375195405999e-02 2.021387302516427630e-03 9.993029090040145279e-01 8.634828670803275097e-01
-1.983254655756067353e-01 -9.800776763572566219e-01 -1.071251653208273209e-02 5.894508848822033187e+00 9.795461958200083474e-01 -1.985734192209007709e-01 3.252456661782668346e-02 -4.685418542116723728e+01 -3.400382271155299313e-02 -4.042954999531573473e-03 9.994135253015685727e-01 8.945341368135595328e-01
-1.978277896614839826e-01 -9.800571870613244974e-01 -1.876368106658504731e-02 5.853286860605615871e+00 9.795518475272428915e-01 -1.983687995566841278e-01 3.358567207333264248e-02 -4.663721039048200367e+01 -3.663800818618805771e-02 -1.173581918461890673e-02 9.992596894221477122e-01 8.993140192021098489e-01
-1.921877538059010571e-01 -9.811582897166474249e-01 -1.980600432747497974e-02 5.814124150521285728e+00 9.804103800232154553e-01 -1.928498258157720913e-01 4.005535452069911018e-02 -4.660826668147824137e+01 -4.312022762017431177e-02 -1.171986361620571890e-02 9.990011465291873671e-01 8.765272522508514852e-01
-1.923965609094742124e-01 -9.811993473812017363e-01 -1.521197058196493458e-02 5.818147659841926611e+00 9.805979606087598111e-01 -1.928258536438761106e-01 3.529631449138007776e-02 -4.641015508470129447e+01 -3.756598195696622677e-02 -8.125937808591152112e-03 9.992611100879320585e-01 8.773280862053881579e-01
-2.074419915918555846e-01 -9.780758046987807486e-01 -1.831776152581696127e-02 5.755696604073007094e+00 9.775563482920228697e-01 -2.079627909016827647e-01 3.369070368178022495e-02 -4.635211351905022781e+01 -3.676147492439472281e-02 -1.091777739617892824e-02 9.992644275155272426e-01 8.829325529764819880e-01
-2.107978672827300060e-01 -9.770967226800966188e-01 -2.909043961424285368e-02 5.767953150606826895e+00 9.770082590649884491e-01 -2.115639741649761318e-01 2.637321661365262318e-02 -4.619189438819969951e+01 -3.192367253471573019e-02 -2.286218194739975118e-02 9.992288025113775785e-01 8.877928602730950081e-01
-2.258248708634146840e-01 -9.735340703696214737e-01 -3.513604316320988880e-02 5.717119402943046325e+00 9.733291280280217395e-01 -2.269800283707057720e-01 3.332379410084498894e-02 -4.610439436987976336e+01 -4.041702898516377068e-02 -2.667359275489657525e-02 9.988268034135732165e-01 8.708914939035043989e-01
-2.229893393361860598e-01 -9.742992126365100924e-01 -3.188728270608477688e-02 5.723911108152891281e+00 9.737528392327648996e-01 -2.241566328855754131e-01 3.948685882375480710e-02 -4.597083516987301977e+01 -4.561976138472930570e-02 -2.224518350889460178e-02 9.987111640417716263e-01 8.816374267402202758e-01
-2.300523871691088351e-01 -9.730004446759450421e-01 -1.860198425707544970e-02 5.684806493055500454e+00 9.722914080833683359e-01 -2.306165995859708884e-01 3.828056638694615765e-02 -4.584769257991894875e+01 -4.153693447185190235e-02 -9.280013786951013185e-03 9.990938716750322746e-01 8.724172829322797140e-01
-2.140956967019269352e-01 -9.768126798894547491e-01 1.451240532496045972e-04 5.687040174301118967e+00 9.764170918922397968e-01 -2.140047599904891795e-01 2.848903933729778765e-02 -4.574608697372047317e+01 -2.779739762434123643e-02 6.241082331328165651e-03 9.995940944085527358e-01 8.684367814801082774e-01
-2.082286838566341780e-01 -9.779529439248780820e-01 1.577512878207240274e-02 5.648158498564147756e+00 9.779125266243616776e-01 -2.078673071088344981e-01 2.186945145017424319e-02 -4.559719537928634026e+01 -1.810816088847650579e-02 1.998054313724074299e-02 9.996363700891341963e-01 8.685631833129621171e-01
-1.657984225446469395e-01 -9.860925200367972598e-01 1.150760658316387318e-02 5.635899289362202857e+00 9.858530168639609848e-01 -1.654446010849697224e-01 2.686844082422489011e-02 -4.553557429305504911e+01 -2.459089714120670303e-02 1.579955377178915432e-02 9.995727396634027651e-01 8.923647241282245401e-01
