5.502590066360555365e-01 -8.344337047618481940e-01 3.058460353377463053e-02 6.480905467000000364e+00 8.336762884003756646e-01 5.510789599354271040e-01 3.599758430036154033e-02 -5.618264898000000329e+01 -4.689212913565753843e-02 5.689663777819637010e-03 9.988837549741311772e-01 9.662902926999999975e-01
5.495767753662847976e-01 -8.347493747178111878e-01 3.404187694912479134e-02 6.483930095244590852e+00 8.340416362127943684e-01 5.505583987144652136e-01 3.549645994248520897e-02 -5.617731859436943154e+01 -4.837268900403038363e-02 8.884312758293122850e-03 9.987898437335712698e-01 9.646470882798949820e-01
5.479057600139107809e-01 -8.357360946090638398e-01 3.666685575787877183e-02 6.484530084692259777e+00 8.351872916089829735e-01 5.489857151688715131e-01 3.281573517952941776e-02 -5.616795100365165183e+01 -4.755487439189812898e-02 1.264376162828466203e-02 9.987886008627935297e-01 9.708579094369675921e-01
5.477864282353946956e-01 -8.357114056363323940e-01 3.894195077875292621e-02 6.488194212727591115e+00 8.351899389569079624e-01 5.489772235930350242e-01 3.289033051273219932e-02 -5.616772982595433206e+01 -4.886506836445533158e-02 1.450704881871821630e-02 9.987000303536124335e-01 9.707321529809785909e-01
5.476387173612600190e-01 -8.358763246615628084e-01 3.745137003091217331e-02 6.486928244027029500e+00 8.354008354505093603e-01 5.487382281019574926e-01 3.149287456095632709e-02 -5.615751363322128498e+01 -4.687514667179318306e-02 1.404018838200877563e-02 9.988020793604170944e-01 9.665664424752222761e-01
5.491137242752448522e-01 -8.350903829319569205e-01 3.313865035163916783e-02 6.480182199093376560e+00 8.346846230630345920e-01 5.499832557030468472e-01 2.863561538352435085e-02 -5.617266822329496279e+01 -4.213902982611884840e-02 1.193611246741476881e-02 9.990404553292506762e-01 9.644625949081023775e-01
5.514179913936306798e-01 -8.337710020031032787e-01 2.764262987044921807e-02 6.486263735333563041e+00 8.333153917162933189e-01 5.520619957087804508e-01 2.851334464341713157e-02 -5.616598352722034804e+01 -3.903404534672083592e-02 7.312257707374067266e-03 9.992111259343987584e-01 9.691302337086339369e-01
5.506026196598244882e-01 -8.343452592196993756e-01 2.654700814311591189e-02 6.484962325833626196e+00 8.338020346093690804e-01 5.512166967473250967e-01 3.056665353352056372e-02 -5.616897387516485196e+01 -4.013629660307634767e-02 5.304869892730381190e-03 9.991801319333810660e-01 9.717221179413566556e-01
5.474390983932780896e-01 -8.364501460273218170e-01 2.572132891639737282e-02 6.477972673812214310e+00 8.359655495396206559e-01 5.480142357005174381e-01 2.901719236058841050e-02 -5.617111395434567811e+01 -3.836708919463779899e-02 5.616999238700048566e-03 9.992479250848012029e-01 9.737261955102617383e-01
5.477778746443504598e-01 -8.362342393366741788e-01 2.552835700021367088e-02 6.478987426021308949e+00 8.357736300765622461e-01 5.483416781031285048e-01 2.835213084907899778e-02 -5.617548880227062114e+01 -3.770728469086589985e-02 5.805257621811350972e-03 9.992719648149763767e-01 9.714710758649974798e-01
5.498718194542439042e-01 -8.348841831292872495e-01 2.468568270515364774e-02 6.489397457010078973e+00 8.343952840604844656e-01 5.504057603365682949e-01 2.894838382258254489e-02 -5.617144447097040683e+01 -3.775568973938680378e-02 4.679716750209720298e-03 9.992760420141363342e-01 9.775115454711235108e-01
5.480454134455804427e-01 -8.360633709350959730e-01 2.538236753935853990e-02 6.491212352305867128e+00 8.355261782986617147e-01 5.486136559488516973e-01 3.031603344865073379e-02 -5.616068041386332510e+01 -3.927123857086448760e-02 4.593069460935736599e-03 9.992180310292814172e-01 9.695739910143355011e-01
5.481789638717053936e-01 -8.359617189380698088e-01 2.584236906025592917e-02 6.498336639131683690e+00 8.353857966327743467e-01 5.487700395769851136e-01 3.133710974054353809e-02 -5.616972312128599754e+01 -4.037814201721488111e-02 4.410003715974346664e-03 9.991747382287340384e-01 9.706008472494652706e-01
5.475365426998528573e-01 -8.363484743113834829e-01 2.692515413713464714e-02 6.501042543143351615e+00 8.357560040762256337e-01 5.481749159544997418e-01 3.187731432867876857e-02 -5.616548988444613144e+01 -4.142023731012017124e-02 5.048864752706286319e-03 9.991290571822432076e-01 9.669704656546096455e-01
5.494624709720445921e-01 -8.350677147987197735e-01 2.743910884366160263e-02 6.500647197360983398e+00 8.344494780010587309e-01 5.501241876270290820e-01 3.251840788622248346e-02 -5.616968666136144606e+01 -4.224999002426890748e-02 5.028905302166427477e-03 9.990944141843685067e-01 9.654314241010708564e-01
5.512956435101222796e-01 -8.338098159843961854e-01 2.888432472506972937e-02 6.509969839806275083e+00 8.331660782155616563e-01 5.520220455183059149e-01 3.325578705547446029e-02 -5.616428761121008506e+01 -4.367378570328880188e-02 5.731669027907133201e-03 9.990294031771499439e-01 9.633156739030692695e-01
5.500590228209599752e-01 -8.344587612243568042e-01 3.337135342113460579e-02 6.513348348538023913e+00 8.337870356843894992e-01 5.510003257260935872e-01 3.460953877719647603e-02 -5.615395351541595659e+01 -4.726785945953083934e-02 8.787312765714556245e-03 9.988435976650525960e-01 9.616301447199934183e-01
5.497095634978755863e-01 -8.345616562854407672e-01 3.641754600562747274e-02 6.506379492094651162e+00 8.339166594940480293e-01 5.507987160463641008e-01 3.469552449463437355e-02 -5.616346440614676538e+01 -4.901429196939249833e-02 1.129673668670788667e-02 9.987341903244143504e-01 9.656398837927400169e-01
5.524504411913109259e-01 -8.326570178532632927e-01 3.848117263325296494e-02 6.512299164069209390e+00 8.320978818856242798e-01 5.536226838146163232e-01 3.339219860014556313e-02 -5.616686791557190617e+01 -4.910829857551553962e-02 1.357256739160622727e-02 9.987012368198059376e-01 9.645999467124116711e-01
5.536169253683691505e-01 -8.318119697355058628e-01 3.996432096763593428e-02 6.512600398433430193e+00 8.314083769023110637e-01 5.548185691679501375e-01 3.060173398821429067e-02 -5.615940101294565068e+01 -4.762783600309028476e-02 1.628503334820910475e-02 9.987323900457524273e-01 9.667029784687657390e-01
5.522593112402333082e-01 -8.327151831272586735e-01 3.993841431241308693e-02 6.505253344982257602e+00 8.324030243350497571e-01 5.534279587584515214e-01 2.868273944915708876e-02 -5.615752511312545181e+01 -4.598758774196364668e-02 1.740454692812432730e-02 9.987903801698790884e-01 9.609821501928054177e-01
5.554966140778375694e-01 -8.305681049885854650e-01 3.975090846404997352e-02 6.511588037765089432e+00 8.302987655214830731e-01 5.566360828766133695e-01 2.757229067874837972e-02 -5.616865779218554167e+01 -4.502745519745723207e-02 1.768881611164367651e-02 9.988291315650532631e-01 9.593273186317790024e-01
5.551335650425236468e-01 -8.307716681056419583e-01 4.056057736441697620e-02 6.514890969108133589e+00 8.304471932489633224e-01 5.563371625067590198e-01 2.909331261371117527e-02 -5.616072852129946114e+01 -4.673525637136644040e-02 1.753274327869174670e-02 9.987534323971131167e-01 9.556488546900131498e-01
5.576636279542073193e-01 -8.290900225121731193e-01 4.026180109858366885e-02 6.523706496160805557e+00 8.286609005421370355e-01 5.588857426544561191e-01 3.111010398991760281e-02 -5.614816301868326320e+01 -4.829482342494367808e-02 1.601440689875119339e-02 9.987047355460086928e-01 9.618062076505907720e-01
5.601156021605996349e-01 -8.274375049817133121e-01 4.022048689276293970e-02 6.523809784964119451e+00 8.268903008380267261e-01 5.613695264405860197e-01 3.341683952533493207e-02 -5.613798343128154045e+01 -5.022890200141633815e-02 1.454063731357230910e-02 9.986318777558802484e-01 9.567018834665106386e-01
5.628744670505936298e-01 -8.256071481214025676e-01 3.930866715289890734e-02 6.525533762502503166e+00 8.248858584521492343e-01 5.641201997365217213e-01 3.649274962070880174e-02 -5.613676539567229185e+01 -5.230348810713024432e-02 1.188432665506250832e-02 9.985605179015295541e-01 9.524246522288901673e-01
5.578796803108764246e-01 -8.289398366724108902e-01 4.036098950386065448e-02 6.526022340458863980e+00 8.281213272559472260e-01 5.592124043996994365e-01 3.868532162652400797e-02 -5.612725688431623183e+01 -5.463817017511406887e-02 1.184204133557288652e-02 9.984359951528739563e-01 9.588076114189311161e-01
5.583409795903369055e-01 -8.284243668722786058e-01 4.436686694308553114e-02 6.538555179937359796e+00 8.274083448840320321e-01 5.599562496727307215e-01 4.294681907556924944e-02 -5.612686092562775997e+01 -6.042169582503462144e-02 1.273054691212744879e-02 9.980917552254066072e-01 9.630811891097749156e-01
5.539247458494006571e-01 -8.313293395609100411e-01 4.537515973386948426e-02 6.547062306811999299e+00 8.300832579877871487e-01 5.556580217992997950e-01 4.696751663077465555e-02 -5.612496007580776336e+01 -6.425854607802578000e-02 1.164869071072881929e-02 9.978652951479232147e-01 9.687952528010931319e-01
5.453694900912721133e-01 -8.371451248556086577e-01 4.195425137036150331e-02 6.559837735132042269e+00 8.356280941569453891e-01 5.469321483410654050e-01 5.090101537936465859e-02 -5.612387967425522817e+01 -6.555766570906695900e-02 7.298290311826355348e-03 9.978220920711721176e-01 9.668712642676314806e-01
5.322482657826451691e-01 -8.458815727000783546e-01 3.458538040531437124e-02 6.575757324839732298e+00 8.441460981490628290e-01 5.333706296053108975e-01 5.415843843889905224e-02 -5.611721339906510053e+01 -6.425845120359637008e-02 3.693789855492507295e-04 9.979332217178004116e-01 9.700808515346771577e-01
5.145546669978536825e-01 -8.569810589959006020e-01 2.858249801822189060e-02 6.588449407997863716e+00 8.551009091655068506e-01 5.153249920787037475e-01 5.694372382801642790e-02 -5.610800431188805959e+01 -6.352896831413158696e-02 -4.859738810337307403e-03 9.979681623797557188e-01 9.538299133769282401e-01
5.079871582693226140e-01 -8.608636424147931843e-01 2.937407363237298091e-02 6.619070423498993883e+00 8.588006560927543553e-01 5.088097285485860821e-01 5.978372043427334498e-02 -5.609688326873283870e+01 -6.641144576140828315e-02 -5.142888546572510315e-03 9.977790690174189736e-01 9.429540415744404047e-01
4.945492615266532943e-01 -8.685575280317351377e-01 3.207566714516885825e-02 6.627821479514951264e+00 8.668710140872618597e-01 4.955872555515594136e-01 5.411023073495949132e-02 -5.605633251482049673e+01 -6.289414009884058965e-02 1.045291454649815033e-03 9.980196563730564518e-01 9.523681081362576073e-01
4.841278465820344490e-01 -8.742044987678676549e-01 3.723872309606243713e-02 6.654765227518813830e+00 8.732458560026956640e-01 4.854124399012209601e-01 4.261969220041701006e-02 -5.602354304082362546e+01 -5.533446609456924015e-02 1.188518081949400951e-02 9.983971350814813128e-01 9.424088284259557469e-01
4.878691359188466192e-01 -8.715349633401526797e-01 4.909698456561900626e-02 6.695914952336784687e+00 8.715566855391810863e-01 4.894764247595158602e-01 2.831560517795912030e-02 -5.597954147501335598e+01 -4.870985639237595394e-02 2.897649530679131946e-02 9.983925643803462924e-01 9.325153754173943765e-01
4.763846525520279984e-01 -8.770828934517683750e-01 6.150821755761329279e-02 6.709903369016045005e+00 8.783500877573175991e-01 4.778795184182791367e-01 1.150170478760331565e-02 -5.591383850593218341e+01 -3.948146589993433569e-02 4.854651265052909587e-02 9.980403047772473668e-01 9.483742258162800587e-01
4.786364471392931530e-01 -8.753048196010533299e-01 6.891026231990173001e-02 6.722723102744650348e+00 8.773863968412859426e-01 4.797844259431773284e-01 1.235323284928789035e-04 -5.588183666375409331e+01 -3.317019909124985927e-02 6.040179968743108335e-02 9.976228548338118562e-01 9.477846387048795007e-01
5.122030789905580583e-01 -8.552537541981085623e-01 7.867033623031120804e-02 6.776231743523963402e+00 8.578008124056480943e-01 5.139752610663289589e-01 2.682768719511323223e-03 -5.582104552176356549e+01 -4.272905462115332564e-02 6.610935593223443707e-02 9.968970764072929702e-01 9.503676227331080417e-01
4.977932526134762337e-01 -8.633527091664011666e-01 8.260736787651559720e-02 6.828003697210721867e+00 8.662088238434406673e-01 4.996760825252157256e-01 2.466991692819196086e-03 -5.566002858967545563e+01 -4.340680992973892927e-02 7.032717915018120436e-02 9.965791171424898121e-01 9.832412444335053570e-01
4.991463454964085722e-01 -8.630403972589100192e-01 7.755126354042714276e-02 6.811367446755079769e+00 8.652696088398791341e-01 5.012290330217390455e-01 8.829522873357297311e-03 -5.569376092631736697e+01 -4.649117976220693699e-02 6.269552739395203855e-02 9.969492670387578581e-01 9.790627774621272206e-01
5.062964028229786084e-01 -8.599112076148421879e-01 6.493587226525554534e-02 6.867931593619322150e+00 8.611398841165377460e-01 5.081483610519992311e-01 1.494466941485744944e-02 -5.558062902269320915e+01 -4.584814578900165555e-02 4.835243715138975301e-02 9.977775249770047816e-01 9.741214938650937238e-01
4.930836507732697105e-01 -8.686719843408874375e-01 4.772312815942197917e-02 6.894223229545610288e+00 8.690439879693518943e-01 4.943569337509103323e-01 1.933310701157993361e-02 -5.548332356178210034e+01 -4.038638773711234614e-02 3.194065862797947075e-02 9.986734871878629738e-01 9.580279830125379981e-01
4.714982110447339947e-01 -8.814890478426109510e-01 2.581657442594539192e-02 6.947899573279899599e+00 8.813886190926253361e-01 4.720046063882362142e-01 1.912468776952298832e-02 -5.537488060339375551e+01 -2.904374486244912582e-02 1.373717881287078897e-02 9.994837421402305022e-01 9.587333741371799611e-01
4.139592609626436825e-01 -9.102536475347542400e-01 8.719369981656094337e-03 6.946153721424142446e+00 9.101210937567234538e-01 4.140484482533933752e-01 1.560375589493452966e-02 -5.530184674274966028e+01 -1.781361732925127589e-02 1.476363286070344347e-03 9.998402349321152682e-01 9.450468976770123319e-01
3.807615339026115819e-01 -9.246623804376473688e-01 4.487371552283163194e-03 6.974401550488336099e+00 9.245375796580026506e-01 3.807843113493369902e-01 1.528306351302264991e-02 -5.528190720818733439e+01 -1.584039457462882092e-02 -1.670459071970865905e-03 9.998731376860887643e-01 9.399217696280207646e-01
3.345365515374261745e-01 -9.423733087037484690e-01 4.224065355123085390e-03 7.004410733037580883e+00 9.420460337072743551e-01 3.345334679474097350e-01 2.523151203328484818e-02 -5.514832785645007363e+01 -2.519059471048379351e-02 -4.461599011771408621e-03 9.996727104769881356e-01 9.604322885724978498e-01
3.061419881025687073e-01 -9.519576381700177725e-01 7.330637782055349390e-03 7.031747223434273941e+00 9.513554089403094549e-01 3.062103730722164352e-01 3.403076994436115416e-02 -5.509335799641270626e+01 -3.464056871143465777e-02 -3.444205662482643059e-03 9.993939005450871438e-01 9.457147498923492712e-01
2.828703215582270003e-01 -9.590243623344716362e-01 1.602041292929440655e-02 7.057426376502619725e+00 9.587208638146687001e-01 2.832062184283146156e-01 2.546650996908632683e-02 -5.499681722877581080e+01 -2.896008404734525671e-02 8.155384258323239433e-03 9.995472991507671212e-01 9.346883295228554100e-01
2.703901959578557390e-01 -9.625304065555323474e-01 2.059996082110410534e-02 7.083982799351549176e+00 9.625931981031551343e-01 2.706712038245929763e-01 1.230586793778391461e-02 -5.490353489997736602e+01 -1.742058826335279170e-02 1.650199612446021438e-02 9.997120621601467416e-01 9.352173206245433246e-01
2.860324899735478543e-01 -9.580996171570362874e-01 1.518348718143372987e-02 7.112036282914670160e+00 9.582150247352222427e-01 2.860457666812363242e-01 -1.336314122870903677e-03 -5.482650767505418798e+01 -3.062850182173886427e-03 1.493127480107872551e-02 9.998838312432124509e-01 9.446741768753326163e-01
2.897644469981865423e-01 -9.570191677010357889e-01 1.228323689288192931e-02 7.148506896185621073e+00 9.570736814982010454e-01 2.898246943687866617e-01 3.408037196391318618e-03 -5.462814918763601213e+01 -6.821542299513308136e-03 1.076843474022635451e-02 9.999187503862164705e-01 9.550159833345597260e-01
2.743041198883465759e-01 -9.615961330025385445e-01 9.493513930840705162e-03 7.159151024115958606e+00 9.614840090168387254e-01 2.744249124554275499e-01 1.547474809976844001e-02 -5.453523514336539790e+01 -1.748571466128093915e-02 4.883074675884492739e-03 9.998351891009478187e-01 9.498111138488660732e-01
2.562355269616716780e-01 -9.665712058115029093e-01 9.135579821709106582e-03 7.191789959501480922e+00 9.663024295618986015e-01 2.563814853305829700e-01 2.298148390487142825e-02 -5.444071588134443118e+01 -2.455543413330503813e-02 2.939060338451839321e-03 9.996941495171854930e-01 9.471662017190539684e-01
2.044265861027611264e-01 -9.788593745727149908e-01 6.640459726787097117e-03 7.201412569765022198e+00 9.786271978147742523e-01 2.045234333183946207e-01 2.142365330368923779e-02 -5.428872654264054631e+01 -2.232887349603652344e-02 2.118970187908742787e-03 9.997484340441753492e-01 9.420004056198902909e-01
1.579305713273030931e-01 -9.874483794014323745e-01 -1.905953202339431612e-03 7.250413595951680001e+00 9.871337733734042441e-01 1.578308039032579047e-01 2.561934434869203234e-02 -5.423377339671711184e+01 -2.499696193230527969e-02 -5.927508466514070165e-03 9.996699538035427324e-01 9.304557715537566942e-01
7.462470929683714949e-02 -9.971924414712458606e-01 -6.195759425817856138e-03 7.245374644888481264e+00 9.966267052645966240e-01 7.436671057964573672e-02 3.471026809207428815e-02 -5.406704030483861345e+01 -3.415205873480554877e-02 -8.765102969146771825e-03 9.993782116166831653e-01 9.135960246591549039e-01
3.721501780324676378e-02 -9.992886990104322686e-01 -6.094134870609684354e-03 7.293491508360987474e+00 9.979558647209826328e-01 3.684694998536432869e-02 5.221488624711427551e-02 -5.409323066856316586e+01 -5.195319546406520356e-02 -8.024855555801882825e-03 9.986172776266331041e-01 9.178346601805387195e-01
-2.020488041879347357e-02 -9.997854240816015370e-01 -4.568216403477222930e-03 7.277996351830993582e+00 9.980032643733484088e-01 -2.044193310583032608e-02 5.976296236855523081e-02 -5.389731854874848693e+01 -5.984352185014187031e-02 -3.351591374900632792e-03 9.982021437203366654e-01 9.422392538457081690e-01
-2.449963664831982663e-02 -9.996825814916484587e-01 -5.874016187113554818e-03 7.287031202431260901e+00 9.979702975598010450e-01 -2.480230886881155256e-02 5.865262707845535911e-02 -5.389994210144114817e+01 -5.877969881282023995e-02 -4.425125630229420105e-03 9.982611708719723032e-01 9.260787527884435377e-01
-4.994549702514847894e-02 -9.987460519609551168e-01 3.430891893645422134e-03 7.289575346816266510e+00 9.980675232196486446e-01 -4.978382409324504099e-02 3.718588378502750424e-02 -5.366169290922433532e+01 -3.696845170044765067e-02 5.281529222689644587e-03 9.993024762443022402e-01 9.130560101658481420e-01
-3.933043169723585836e-02 -9.992028738362264129e-01 6.836231403684424335e-03 7.278080834875111371e+00 9.991149502269971450e-01 -3.922301522326093054e-02 1.519444996445254957e-02 -5.370454066895594991e+01 -1.491420046241261066e-02 7.427785275137237762e-03 9.998611876808343180e-01 9.039077819325130880e-01
-3.284552420232993413e-03 -9.999450440121327999e-01 9.955936462413390864e-03 7.313279790436273409e+00 9.998622057620641934e-01 -3.445960506112772433e-03 -1.623868359278804810e-02 -5.348563248350942700e+01 1.627209894375482996e-02 9.901227784238740212e-03 9.998185757848206956e-01 9.413136253545166809e-01
-1.700344701613824838e-02 -9.998554286823054804e-01 6.726041040644242189e-05 7.296438711998318283e+00 9.996840299809788277e-01 -1.700177768633271899e-02 -1.851431220731372673e-02 -5.326917463081711190e+01 1.851277911536196655e-02 -2.475679685242919859e-04 9.998285931696424544e-01 9.507678726440103034e-01
2.461254339372209981e-03 -9.999901544209831572e-01 -3.692328269000541389e-03 7.308037752262772635e+00 9.998271532394719108e-01 2.528863707314760265e-03 -1.841924247673604534e-02 -5.329603916451038970e+01 1.842839852359995367e-02 -3.646355621547062078e-03 9.998235335390928125e-01 9.248904151493277936e-01
-3.204102431367123610e-02 -9.994862247070506189e-01 -8.120231809304205356e-04 7.323911547099227093e+00 9.989464760195795323e-01 -3.199699548089647572e-02 -3.289574939522688785e-02 -5.302308578974447784e+01 3.285286606991134895e-02 -1.865181201227227199e-03 9.994584585114791864e-01 9.533027229985776563e-01
-4.905990062442208699e-02 -9.987748249458616723e-01 -6.478827436546575301e-03 7.306913595526926208e+00 9.979342261540219416e-01 -4.874717206582705742e-02 -4.184487407046558888e-02 -5.307212609749603871e+01 4.147778225879537178e-02 -8.518349007815860519e-03 9.991031134518287837e-01 9.333838666065552570e-01
-8.816532505384983009e-02 -9.959815583651627779e-01 -1.573565551591738984e-02 7.332184605359909568e+00 9.947486402845500120e-01 -8.720984935128629767e-02 -5.356850593569215807e-02 -5.284337600190315243e+01 5.198093987415727119e-02 -2.037590666691574404e-02 9.984401856482773008e-01 9.516508232571398995e-01
-1.192423310793716551e-01 -9.923234509690362914e-01 -3.279382770464952385e-02 7.302264419022329811e+00 9.914105137929860589e-01 -1.172153738111606919e-01 -5.801507806645208459e-02 -5.286107660840229983e+01 5.372578170206204762e-02 -3.942999872030084757e-02 9.977769367857161065e-01 9.325340168080212822e-01
-1.303918256431197686e-01 -9.905730852199855496e-01 -4.198731526395339808e-02 7.330155090639437709e+00 9.907849115935375428e-01 -1.286203549966325466e-01 -4.245071541383377972e-02 -5.267757042655353672e+01 3.665011274269362740e-02 -4.713562472451149343e-02 9.982159095695908313e-01 9.376271362682185861e-01
-1.712020450635375890e-01 -9.842315852225456130e-01 -4.447523374008060387e-02 7.288584676420053476e+00 9.850938664849382409e-01 -1.702362635318200035e-01 -2.469187705504771735e-02 -5.256776181752844934e+01 1.673122768441618127e-02 -4.803957981611761685e-02 9.987052942641944098e-01 9.309662334198901545e-01
-1.694648938490391499e-01 -9.847657322970545524e-01 -3.896283159672955104e-02 7.297823187898966779e+00 9.855124104633767868e-01 -1.690534806506568122e-01 -1.364586027279386660e-02 -5.251340125936216907e+01 6.851173286950727401e-03 -4.071084834797893126e-02 9.991474807311726547e-01 9.176164136544305849e-01
-1.864673820429417206e-01 -9.820332817727582819e-01 -2.899222179362806462e-02 7.278534106788551838e+00 9.824246670756490163e-01 -1.861249343192252492e-01 -1.411673992060472754e-02 -5.232960024566889246e+01 8.466933055079006731e-03 -3.111498537936602596e-02 9.994799491383269396e-01 9.139563702987624216e-01
-1.860306962541256881e-01 -9.823493061355461631e-01 -1.955558196699001133e-02 7.281076603434092576e+00 9.824788484476837391e-01 -1.857524450319256726e-01 -1.520991510809752319e-02 -5.222766283784949337e+01 1.130895238845247563e-02 -2.204245674918130574e-02 9.996930717457269688e-01 9.180512185593628915e-01
-1.766494217770649688e-01 -9.840353641027751452e-01 -2.166527130679710145e-02 7.247185359314736175e+00 9.842568397391576740e-01 -1.764742243065046678e-01 -9.763277222439453035e-03 -5.214545626727716154e+01 5.784048108186477972e-03 -2.304886874451613984e-02 9.997176073457705314e-01 9.332588045570828772e-01
-1.720227037652464763e-01 -9.848905459723205080e-01 -1.997002362257791278e-02 7.248796472383656209e+00 9.850648412099873852e-01 -1.721356772129910562e-01 4.070287752060403226e-03 -5.191959774440590536e+01 -7.446341466598785201e-03 -1.897158624452621040e-02 9.997922938861859565e-01 9.356130477092455822e-01
-1.884852733270503677e-01 -9.818510842397958349e-01 -2.101785231197513676e-02 7.216098561041130566e+00 9.815685496330024407e-01 -1.890326424501742042e-01 2.810413598896626883e-02 -5.183383844471629942e+01 -3.156713655352500619e-02 -1.533324705676848004e-02 9.993840139929089927e-01 9.260822161543352804e-01
-1.890508343796747093e-01 -9.817401006257699958e-01 -2.112242513282525797e-02 7.222188359057880369e+00 9.811556449697916849e-01 -1.897252660705430749e-01 3.657764014245429296e-02 -5.172049968333687531e+01 -3.991719384246174979e-02 -1.380935326595652407e-02 9.991075614758357926e-01 9.211943510084887876e-01
-2.163663272875977206e-01 -9.759108140342214188e-01 -2.799456138206069672e-02 7.185371006587828902e+00 9.752377612597018519e-01 -2.173842277007546619e-01 4.068668775078389255e-02 -5.157260419862844714e+01 -4.579215466905835891e-02 -1.849812417155734245e-02 9.987797044258412971e-01 9.081551945425252459e-01
-2.463618567703229345e-01 -9.686100789851748161e-01 -3.317153021555065834e-02 7.182213154602228755e+00 9.682352681755923562e-01 -2.474872287424212947e-01 3.564459384471313497e-02 -5.142978159626155588e+01 -4.273524294548688984e-02 -2.333637713064497590e-02 9.988138527838303915e-01 9.009687425460779497e-01
-2.633371738004127161e-01 -9.639576914877738822e-01 -3.793549678333420216e-02 7.147711666609498415e+00 9.629646376357767767e-01 -2.650193130012295506e-01 4.963738912728907909e-02 -5.140013162233618971e+01 -5.790198233047387510e-02 -2.345917214588882221e-02 9.980466059681295521e-01 9.058712746028099172e-01
-2.806719099621314273e-01 -9.591330625364954399e-01 -3.587544156374895821e-02 7.131646718271886343e+00 9.575992037668464851e-01 -2.823634784311777057e-01 5.722439159457443775e-02 -5.120409403186335595e+01 -6.501572043205873508e-02 -1.829301499096472328e-02 9.977165537863506017e-01 9.136620880335710737e-01
-2.885927837060309198e-01 -9.570391817103337528e-01 -2.811067170733145063e-02 7.095477850558696176e+00 9.551214769690907769e-01 -2.898134663392235577e-01 6.124637916520744158e-02 -5.115408915169152948e+01 -6.676203580758896527e-02 -9.173843224504013572e-03 9.977267517589117896e-01 8.974369336107195227e-01
-2.843751972577815978e-01 -9.586477470626857400e-01 -1.119125712555462011e-02 7.077015585173207946e+00 9.566702173469892045e-01 -2.845115452741183715e-01 6.192960396304642012e-02 -5.100106997877508519e+01 -6.255271717398325215e-02 6.904900956387552760e-03 9.980177753512229355e-01 8.889340748455148988e-01
-2.805135144786805035e-01 -9.598484588552577135e-01 -1.761881897070201623e-03 7.034685937651382837e+00 9.574575421891793336e-01 -2.799433541720919294e-01 7.004836443456045891e-02 -5.088751406007869349e+01 -6.772904177573858819e-02 1.796258578021419153e-02 9.975420404235085803e-01 9.008856466890935444e-01
-2.499318747166575094e-01 -9.682591534097340080e-01 -2.875732723178111346e-03 7.003048011553277163e+00 9.650254578883601386e-01 -2.493376665819433957e-01 8.097279574556587312e-02 -5.080121779850225039e+01 -7.911967914470452445e-02 1.746252735377755785e-02 9.967121633202453701e-01 9.052362712448952520e-01
-2.387472195343838532e-01 -9.710591216728214903e-01 -6.629282044175537590e-03 6.972175749892247865e+00 9.677913267787601193e-01 -2.384942089624639550e-01 8.062543087137599707e-02 -5.059571195414235945e+01 -7.987310546353770802e-02 1.283333577916789120e-02 9.967224250093175142e-01 8.982388276255962589e-01
-2.436270261806819382e-01 -9.698665134597294069e-01 -2.195036135542039000e-03 6.938594623769979819e+00 9.665166907728404144e-01 -2.429723300382150286e-01 8.252231997064875257e-02 -5.047768609590691113e+01 -8.056896779688346721e-02 1.798312834611602226e-02 9.965867992920111051e-01 8.879543240911182966e-01
-2.579059132038009627e-01 -9.661678116942542527e-01 -2.073542923925641122e-03 6.898451144487848019e+00 9.629178895458377907e-01 -2.572131458920524638e-01 8.142810063438729595e-02 -5.039869953050723694e+01 -7.920655229892122062e-02 1.900413707835934760e-02 9.966770614631839109e-01 8.922813518967933621e-01
-2.771045828104528597e-01 -9.608241470466134526e-01 -5.478014001243088765e-03 6.866192923869593123e+00 9.577161636957159940e-01 -2.766585949410786949e-01 7.899222519469889514e-02 -5.028004199121954088e+01 -7.741317705263148219e-02 1.664272505388933107e-02 9.968601806278848398e-01 8.824684297888396589e-01
-3.105386612116696754e-01 -9.503931240006009418e-01 -1.785076315019025125e-02 6.846908595351389515e+00 9.473486168599215551e-01 -3.109772353588589611e-01 7.631354546984349396e-02 -5.013038660686145676e+01 -7.807904985610607251e-02 6.787410462279148786e-03 9.969240658309150849e-01 8.915734818690093100e-01
-3.267569192505612730e-01 -9.446275715088321423e-01 -3.014410169515069696e-02 6.811570256589243755e+00 9.406231026995838240e-01 -3.281444038654575124e-01 8.688744949425897257e-02 -5.010000617507222387e+01 -9.196789869113974891e-02 3.683685368415643064e-05 9.957619716847179170e-01 8.815921457410079709e-01
-3.341187019828223970e-01 -9.417475574399661875e-01 -3.842175218504299133e-02 6.785399413476565833e+00 9.382764646539614173e-01 -3.362029069501160650e-01 8.127042041715860921e-02 -4.994700931193260374e+01 -8.945372469467154086e-02 -8.896258426628177868e-03 9.959512476644166723e-01 8.937845299768584217e-01
-3.346079495511806168e-01 -9.414215057901786921e-01 -4.198890963936868781e-02 6.755223916840103371e+00 9.387467945045234741e-01 -3.368915927547662670e-01 7.251558824601547770e-02 -4.984212419033544705e+01 -8.241344492623048357e-02 -1.515266203521638787e-02 9.964830259109720423e-01 8.820164192878170439e-01
-3.252377452244720746e-01 -9.449932984816198367e-01 -3.475737196516715671e-02 6.711716196575328475e+00 9.429953446061227762e-01 -3.268546462438849942e-01 6.265636663572794751e-02 -4.974525143757961132e+01 -7.057045509597406618e-02 -1.239782454535231886e-02 9.974297493127710634e-01 8.729957915343373731e-01
-2.994982041996011035e-01 -9.536474246295285617e-01 -2.928165259130794534e-02 6.698223606203247193e+00 9.521080626486519982e-01 -3.007136904609368222e-01 5.533094440562249389e-02 -4.961116963008699088e+01 -6.157160644822955858e-02 -1.130777903372952135e-02 9.980386121852973247e-01 8.741655220488104838e-01
-2.882424974592761036e-01 -9.572401349182169117e-01 -2.464927503982433307e-02 6.625234703885263698e+00 9.557252923597288063e-01 -2.891872921228358373e-01 5.440473893509492620e-02 -4.949985299153888718e+01 -5.920665673993853045e-02 -7.876177769641643650e-03 9.982146751182648936e-01 8.875553054786666785e-01
-2.455070202704352500e-01 -9.689714634743704647e-01 -2.864622086887387911e-02 6.620085010441105311e+00 9.670222756608438663e-01 -2.468653998844556607e-01 6.265295456425584719e-02 -4.940716603661379480e+01 -6.778068584505225758e-02 -1.231979350751363257e-02 9.976241783930189788e-01 9.114034958903287631e-01
-2.489727781864821687e-01 -9.680734072560228665e-01 -2.909353683580371067e-02 6.587005100153364268e+00 9.658590984439001659e-01 -2.504003745211715870e-01 6.645189532898991558e-02 -4.917605932393053081e+01 -7.161534524954499270e-02 -1.155554426297989400e-02 9.973653852634005723e-01 8.886324093786327483e-01
-2.343353443704385697e-01 -9.718762892950223442e-01 -2.331147109736180639e-02 6.545957263447966135e+00 9.694525045274076103e-01 -2.354035351472630877e-01 6.889860017248557178e-02 -4.916713865256717497e+01 -7.244851857901700443e-02 -6.453986841518501681e-03 9.973512712227268207e-01 8.742052729476498252e-01
-2.471760635950403517e-01 -9.688906739891425257e-01 -1.244409266759502822e-02 6.514767724204601151e+00 9.671599328383362337e-01 -2.474785773991411142e-01 5.793114913984955677e-02 -4.899012278722159408e+01 -5.920859648543145420e-02 2.283765575273408871e-03 9.982430197687607309e-01 8.758003011020406570e-01
-2.509835920906104412e-01 -9.679851971633800511e-01 -3.448851063491487415e-03 6.510608546776475158e+00 9.670063442519210017e-01 -2.508872979594024555e-01 4.420739643075503184e-02 -4.890338830275301518e+01 -4.365737827444440833e-02 7.760270294358517264e-03 9.990164220508042092e-01 8.660462684551866186e-01
-2.981686734995805943e-01 -9.544741670273798606e-01 8.631721767674582074e-03 6.439596540773421474e+00 9.540898228511183188e-01 -2.977549240473464920e-01 3.247483852933991111e-02 -4.878530788605499424e+01 -2.842625679526471216e-02 1.791841741859378362e-02 9.994352796663975580e-01 8.899603352457923222e-01
-2.763915722245590123e-01 -9.609911392118738460e-01 1.018475131199802521e-02 6.408333338771911691e+00 9.600344732848942186e-01 -2.755995303823654541e-01 4.877200998153917444e-02 -4.880143646172568594e+01 -4.406255675512118358e-02 2.325788488066820453e-02 9.987580096715633626e-01 9.055247538730553103e-01
-3.011338023913116002e-01 -9.535449957957633504e-01 8.388924245031280716e-03 6.401100079134959486e+00 9.526696857453720302e-01 -3.004493864552271187e-01 4.637495057159966849e-02 -4.850994416067712223e+01 -4.170015490534140223e-02 2.195693902555659674e-02 9.988888776583310092e-01 8.925939943884410033e-01
-2.772289410173847113e-01 -9.607802468503835458e-01 6.740291112176327940e-03 6.356831330608578412e+00 9.597953404372059349e-01 -2.766097727053723476e-01 4.774869756268393384e-02 -4.853876563557483337e+01 -4.401157503850734731e-02 1.970662086288481329e-02 9.988366384733873282e-01 8.650390336402067337e-01
-2.692817766222742049e-01 -9.629091258059705449e-01 1.712717777434846420e-02 6.323790950920582077e+00 9.625310441130963124e-01 -2.685007677523377767e-01 3.796481048256385160e-02 -4.831687806320745437e+01 -3.195800209126556379e-02 2.670867192168942597e-02 9.991322900129555595e-01 8.422796035475924592e-01
-2.499153561025722892e-01 -9.678900772331905378e-01 2.703910459751360587e-02 6.282135372817196917e+00 9.679469310328194798e-01 -2.490164056981963026e-01 3.270425656257961583e-02 -4.825671341004704828e+01 -2.492094476999236544e-02 3.434571423790570843e-02 9.990992535405454067e-01 8.649058055498299868e-01
-2.218285890799268356e-01 -9.746502473972414871e-01 2.913712949295985816e-02 6.252464638541154862e+00 9.747904808896332707e-01 -2.209271800210224068e-01 3.122017768885658462e-02 -4.812952987944493799e+01 -2.399157005539544890e-02 3.532812443768843652e-02 9.990877479931408178e-01 8.930136336833188748e-01
-2.204583423997510117e-01 -9.748342651746843002e-01 3.311003937583375384e-02 6.224573474063758383e+00 9.751165189089554541e-01 -2.194549570967934404e-01 3.142127235697364518e-02 -4.795219049983069226e+01 -2.336437067821916722e-02 3.921322795696863261e-02 9.989576712433895223e-01 8.762933839286932702e-01
-2.149981008375316804e-01 -9.757520251735724015e-01 4.103415657360118263e-02 6.184521506193614293e+00 9.762703981579401447e-01 -2.136173402691877166e-01 3.554914368671506508e-02 -4.790268068764681431e+01 -2.592154155800849291e-02 4.770343075518566206e-02 9.985251405835751104e-01 8.761268979482601527e-01
-2.198502147427622011e-01 -9.746202559562324730e-01 4.220473619329145193e-02 6.165455764645010994e+00 9.753449480061066046e-01 -2.187510053572559177e-01 2.915870460354975588e-02 -4.774064969153452864e+01 -1.918633567089412031e-02 4.757472369672331031e-02 9.986833983744344279e-01 8.833174777918907372e-01
-2.250950487150048251e-01 -9.738804791143869100e-01 2.981663032089705220e-02 6.134812528433366552e+00 9.741050121657169880e-01 -2.242686191591226896e-01 2.868818108717317503e-02 -4.764518079506014203e+01 -2.125192503199888755e-02 3.550209656079534454e-02 9.991436117106620163e-01 8.835467412160948886e-01
-2.389171966994440288e-01 -9.709561840036792235e-01 1.275389611285956439e-02 6.097545486738005671e+00 9.703814162505476348e-01 -2.382509434767008660e-01 3.995491118808993519e-02 -4.750996889722596705e+01 -3.575584031744705182e-02 2.192205914809983863e-02 9.991200844772871736e-01 8.736576961331637969e-01
-2.447916602685523135e-01 -9.695403899023911087e-01 -8.274987048072158374e-03 6.062276480073622409e+00 9.683138390380756633e-01 -2.448994558118380849e-01 4.891385969656493471e-02 -4.741697703875840375e+01 -4.945050242670457480e-02 3.960920448715375339e-03 9.987687214360205790e-01 8.878574718744826066e-01
-2.428256975177938981e-01 -9.697615821641015765e-01 -2.445719491957453265e-02 6.037622417562408472e+00 9.685399636949342250e-01 -2.437810808915991112e-01 5.001123198985283486e-02 -4.726663050958978829e+01 -5.446117287346637081e-02 -1.154375838786419681e-02 9.984491585912247391e-01 8.748297380187369798e-01
-2.583709952431088586e-01 -9.657231768753917756e-01 -2.496346255111852458e-02 5.993706327518936838e+00 9.648452540992554782e-01 -2.592516143995202693e-01 4.315363337413058442e-02 -4.712818306368111365e+01 -4.814628188309940521e-02 -1.293623116514222918e-02 9.987565216127849421e-01 8.493361020106666714e-01
-2.449454811051549052e-01 -9.694027192646335056e-01 -1.612697021311890536e-02 5.964942003809621696e+00 9.685326072257807173e-01 -2.454147970047610705e-01 4.142663577386703627e-02 -4.708159598202043128e+01 -4.411689049026497333e-02 -5.472229277009913601e-03 9.990113886639140350e-01 8.479937820289681349e-01
-2.320936884868021188e-01 -9.726584136526345015e-01 -8.254096867028694329e-03 5.922323839699702219e+00 9.720375166928405530e-01 -2.322404112528428377e-01 3.474848950265478631e-02 -4.691110802709110317e+01 -3.571534552733443557e-02 4.161327680180396067e-05 9.993620026607921147e-01 8.694607995294344471e-01
-1.975995450003959208e-01 -9.802012596964513325e-01 -1.264556463311045272e-02 5.892260660488551238e+00 9.797357656590972574e-01 -1.979037459777786556e-01 3.085347332672181211e-02 -4.683473321848580184e+01 -3.274521803169545137e-02 -6.292679657016411569e-03 9.994439218279238535e-01 8.997705057321175870e-01
-1.977099842985764744e-01 -9.800525185417271468e-01 -2.019462820739805972e-02 5.870304613694480977e+00 9.796418907174522239e-01 -1.982750817609514604e-01 3.144452105210816112e-02 -4.660110335440447216e+01 -3.482137361034388923e-02 -1.356660799598935312e-02 9.993014655685048542e-01 9.076254064641189334e-01
-1.919365793776791340e-01 -9.811705488770696704e-01 -2.155698292494384258e-02 5.819278736578367806e+00 9.805096936444398503e-01 -1.926540078904795950e-01 3.853795418791489125e-02 -4.658575257409688675e+01 -4.196534482160503565e-02 -1.373998762063918626e-02 9.990245855704332767e-01 8.826400146856844264e-01
-1.916595868794037649e-01 -9.813192056077335579e-01 -1.670986123169321616e-02 5.822302085181756404e+00 9.807995453600418800e-01 -1.921277488041379933e-01 3.345414714131408895e-02 -4.638768761444372046e+01 -3.603962511820443804e-02 -9.977216278614850498e-03 9.993005556771477060e-01 8.835147700283050298e-01
-2.076588644833857467e-01 -9.779916815911159356e-01 -2.025010468629365873e-02 5.763231734544727480e+00 9.775518595242533859e-01 -2.082307475365521576e-01 3.212970153934463502e-02 -4.633097898458435537e+01 -3.563927527393408179e-02 -1.312351015384508220e-02 9.992785475227502490e-01 8.907028285887098606e-01
-2.103766919787985468e-01 -9.771383621028424393e-01 -3.069639683714329298e-02 5.773704261047078568e+00 9.771638000856983641e-01 -2.111342953034429926e-01 2.394195373724035403e-02 -4.616742939978598770e+01 -2.987566357484039078e-02 -2.495857875562075209e-02 9.992419697312812099e-01 8.951532357378777505e-01
-2.257020695506546382e-01 -9.734864385955317445e-01 -3.718507322684508343e-02 5.724660169937201282e+00 9.734125109620826999e-01 -2.268870176411109107e-01 3.147006082575907332e-02 -4.608139782209136825e+01 -3.907248780078308864e-02 -2.909355764284172335e-02 9.988127480167279248e-01 8.778010348730780343e-01
-2.225045283960682685e-01 -9.743587262368240687e-01 -3.341866917073851168e-02 5.727462360915019701e+00 9.739454619930106860e-01 -2.236902245547477686e-01 3.732185019295766737e-02 -4.594759709404446824e+01 -4.384030002585971586e-02 -2.424368050868228042e-02 9.987443476931530117e-01 8.893693156881576911e-01
-2.303217361837692490e-01 -9.728967071040891534e-01 -2.058871407005398446e-02 5.689793223774185726e+00 9.722896239904185167e-01 -2.309459622790543676e-01 3.628842222428366876e-02 -4.582930612485647970e+01 -4.005976687093024818e-02 -1.166018065160268243e-02 9.991292485286398239e-01 8.788116980014047952e-01
-2.137360035808783254e-01 -9.768903066732556040e-01 -1.499833609428661728e-03 5.688153988609558454e+00 9.765230779953003593e-01 -2.136973127005969142e-01 2.713183899173278110e-02 -4.572871702193580745e+01 -2.682534092500129044e-02 4.334428703079120510e-03 9.996307387290876978e-01 8.765668399885808704e-01
-2.082302346013721328e-01 -9.779856984299598599e-01 1.356993235325596597e-02 5.660897639749655319e+00 9.779456508604510434e-01 -2.079518158469797484e-01 1.945112462072280321e-02 -4.557042080548468732e+01 -1.620102962359055293e-02 1.732096857031450998e-02 9.997187157830483839e-01 8.764626895218188274e-01
-1.656127204231520877e-01 -9.861427789541693523e-01 9.738909094569597399e-03 5.639583289909594122e+00 9.859105672825299038e-01 -1.653221443776499155e-01 2.547433804715690947e-02 -4.551281651729573952e+01 -2.351127717835128916e-02 1.382056781505304303e-02 9.996280366969989561e-01 9.007059578648932696e-01
