5.502590066360555365e-01 -8.344337047618481940e-01 3.058460353377463053e-02 6.480905467000000364e+00 8.336762884003756646e-01 5.510789599354271040e-01 3.599758430036154033e-02 -5.618264898000000329e+01 -4.689212913565753843e-02 5.689663777819637010e-03 9.988837549741311772e-01 9.662902926999999975e-01
5.495767753662847976e-01 -8.347493747178111878e-01 3.404187694912480522e-02 6.483930095244593517e+00 8.340416362127943684e-01 5.505583987144653246e-01 3.549645994248525060e-02 -5.617731859436943864e+01 -4.837268900403041832e-02 8.884312758293112441e-03 9.987898437335712698e-01 9.646470882798950930e-01
5.479057600139107809e-01 -8.357360946090638398e-01 3.666685575787880652e-02 6.484530084692259777e+00 8.351872916089830845e-01 5.489857151688716241e-01 3.281573517952949409e-02 -5.616795100365165894e+01 -4.755487439189820531e-02 1.264376162828464295e-02 9.987886008627936407e-01 9.708579094369678142e-01
5.477864282353948067e-01 -8.357114056363322829e-01 3.894195077875297478e-02 6.488194212727594667e+00 8.351899389569080734e-01 5.489772235930351352e-01 3.289033051273231728e-02 -5.616772982595433916e+01 -4.886506836445544261e-02 1.450704881871819028e-02 9.987000303536125445e-01 9.707321529809788130e-01
5.476387173612601300e-01 -8.358763246615628084e-01 3.745137003091223576e-02 6.486928244027037493e+00 8.354008354505093603e-01 5.487382281019576036e-01 3.149287456095647975e-02 -5.615751363322128498e+01 -4.687514667179333572e-02 1.404018838200873573e-02 9.988020793604172054e-01 9.665664424752220540e-01
5.491137242752450742e-01 -8.350903829319569205e-01 3.313865035163923722e-02 6.480182199093391660e+00 8.346846230630347030e-01 5.499832557030470692e-01 2.863561538352453473e-02 -5.617266822329496279e+01 -4.213902982611903575e-02 1.193611246741471330e-02 9.990404553292505652e-01 9.644625949081017113e-01
5.514179913936307909e-01 -8.337710020031033897e-01 2.764262987044930134e-02 6.486263735333580804e+00 8.333153917162934299e-01 5.520619957087806728e-01 2.851334464341735361e-02 -5.616598352722034804e+01 -3.903404534672105797e-02 7.312257707373997877e-03 9.992111259343987584e-01 9.691302337086334928e-01
5.506026196598244882e-01 -8.343452592196993756e-01 2.654700814311600210e-02 6.484962325833642183e+00 8.338020346093691915e-01 5.512166967473253187e-01 3.056665353352082046e-02 -5.616897387516485907e+01 -4.013629660307660441e-02 5.304869892730298790e-03 9.991801319333810660e-01 9.717221179413565446e-01
5.474390983932782007e-01 -8.364501460273220390e-01 2.572132891639747690e-02 6.477972673812226745e+00 8.359655495396208780e-01 5.480142357005176601e-01 2.901719236058870541e-02 -5.617111395434568522e+01 -3.836708919463809042e-02 5.616999238699954891e-03 9.992479250848012029e-01 9.737261955102616273e-01
5.477778746443503488e-01 -8.362342393366742899e-01 2.552835700021378537e-02 6.478987426021325824e+00 8.357736300765623572e-01 5.483416781031288378e-01 2.835213084907932737e-02 -5.617548880227062824e+01 -3.770728469086622597e-02 5.805257621811243419e-03 9.992719648149763767e-01 9.714710758649973688e-01
5.498718194542437931e-01 -8.348841831292873605e-01 2.468568270515377264e-02 6.489397457010102066e+00 8.343952840604844656e-01 5.504057603365686280e-01 2.894838382258291612e-02 -5.617144447097042104e+01 -3.775568973938715767e-02 4.679716750209602337e-03 9.992760420141363342e-01 9.775115454711235108e-01
5.480454134455802206e-01 -8.360633709350958620e-01 2.538236753935867521e-02 6.491212352305891997e+00 8.355261782986617147e-01 5.486136559488519193e-01 3.031603344865114319e-02 -5.616068041386333931e+01 -3.927123857086486924e-02 4.593069460935606495e-03 9.992180310292814172e-01 9.695739910143353901e-01
5.481789638717051716e-01 -8.359617189380696978e-01 2.584236906025607489e-02 6.498336639131713000e+00 8.353857966327744577e-01 5.487700395769854467e-01 3.133710974054398912e-02 -5.616972312128601175e+01 -4.037814201721529050e-02 4.410003715974202682e-03 9.991747382287339274e-01 9.706008472494649375e-01
5.475365426998527463e-01 -8.363484743113833719e-01 2.692515413713481021e-02 6.501042543143383590e+00 8.357560040762256337e-01 5.481749159545000749e-01 3.187731432867925430e-02 -5.616548988444614565e+01 -4.142023731012061533e-02 5.048864752706131928e-03 9.991290571822432076e-01 9.669704656546090904e-01
5.494624709720444811e-01 -8.350677147987195514e-01 2.743910884366177610e-02 6.500647197361015373e+00 8.344494780010585089e-01 5.501241876270293041e-01 3.251840788622300388e-02 -5.616968666136145316e+01 -4.224999002426937933e-02 5.028905302166261811e-03 9.990944141843685067e-01 9.654314241010699682e-01
5.512956435101221686e-01 -8.338098159843960744e-01 2.888432472506991672e-02 6.509969839806300840e+00 8.331660782155614342e-01 5.520220455183061370e-01 3.325578705547501540e-02 -5.616428761121009217e+01 -4.367378570328930842e-02 5.731669027906956260e-03 9.990294031771500549e-01 9.633156739030688254e-01
5.500590228209599752e-01 -8.344587612243568042e-01 3.337135342113481395e-02 6.513348348538049670e+00 8.337870356843893882e-01 5.510003257260939202e-01 3.460953877719707972e-02 -5.615395351541596369e+01 -4.726785945953138751e-02 8.787312765714365426e-03 9.988435976650527071e-01 9.616301447199929742e-01
5.497095634978755863e-01 -8.345616562854408782e-01 3.641754600562770172e-02 6.506379492094679584e+00 8.339166594940479182e-01 5.507987160463644338e-01 3.469552449463501193e-02 -5.616346440614677249e+01 -4.901429196939308813e-02 1.129673668670768023e-02 9.987341903244144614e-01 9.656398837927395729e-01
5.524504411913110369e-01 -8.326570178532636257e-01 3.848117263325320780e-02 6.512299164069235147e+00 8.320978818856241688e-01 5.536226838146167673e-01 3.339219860014625008e-02 -5.616686791557192038e+01 -4.910829857551615718e-02 1.357256739160601390e-02 9.987012368198061596e-01 9.645999467124114490e-01
5.536169253683691505e-01 -8.318119697355061959e-01 3.996432096763618408e-02 6.512600398433454174e+00 8.314083769023109527e-01 5.548185691679505815e-01 3.060173398821500884e-02 -5.615940101294565778e+01 -4.762783600309094395e-02 1.628503334820887924e-02 9.987323900457526493e-01 9.667029784687656280e-01
5.522593112402333082e-01 -8.327151831272590066e-01 3.993841431241334367e-02 6.505253344982282471e+00 8.324030243350497571e-01 5.534279587584518545e-01 2.868273944915784163e-02 -5.615752511312545892e+01 -4.598758774196434057e-02 1.740454692812408444e-02 9.987903801698791995e-01 9.609821501928054177e-01
5.554966140778375694e-01 -8.305681049885855760e-01 3.975090846405023720e-02 6.511588037765123183e+00 8.302987655214829621e-01 5.566360828766135915e-01 2.757229067874916381e-02 -5.616865779218555588e+01 -4.502745519745796066e-02 1.768881611164341630e-02 9.988291315650533742e-01 9.593273186317785584e-01
5.551335650425236468e-01 -8.307716681056419583e-01 4.056057736441724682e-02 6.514890969108161123e+00 8.304471932489631003e-01 5.563371625067592419e-01 2.909331261371199753e-02 -5.616072852129946824e+01 -4.673525637136720368e-02 1.753274327869146915e-02 9.987534323971131167e-01 9.556488546900128167e-01
5.576636279542073193e-01 -8.290900225121730083e-01 4.026180109858395334e-02 6.523706496160830426e+00 8.286609005421368135e-01 5.588857426544563411e-01 3.111010398991845630e-02 -5.614816301868327741e+01 -4.829482342494448993e-02 1.601440689875089848e-02 9.987047355460085818e-01 9.618062076505904390e-01
5.601156021605995239e-01 -8.274375049817130900e-01 4.022048689276323807e-02 6.523809784964145209e+00 8.268903008380262820e-01 5.613695264405862417e-01 3.341683952533582719e-02 -5.613798343128156176e+01 -5.022890200141719858e-02 1.454063731357199685e-02 9.986318777558802484e-01 9.567018834665105276e-01
5.628744670505936298e-01 -8.256071481214024566e-01 3.930866715289921265e-02 6.525533762502526258e+00 8.248858584521486792e-01 5.641201997365220544e-01 3.649274962070973849e-02 -5.613676539567230606e+01 -5.230348810713113250e-02 1.188432665506218046e-02 9.985605179015295541e-01 9.524246522288899452e-01
5.578796803108765356e-01 -8.289398366724110012e-01 4.036098950386098061e-02 6.526022340458893289e+00 8.281213272559467820e-01 5.592124043996997695e-01 3.868532162652498635e-02 -5.612725688431623894e+01 -5.463817017511499868e-02 1.184204133557255692e-02 9.984359951528739563e-01 9.588076114189302279e-01
5.583409795903369055e-01 -8.284243668722784948e-01 4.436686694308587808e-02 6.538555179937395323e+00 8.274083448840315880e-01 5.599562496727309435e-01 4.294681907557025557e-02 -5.612686092562775997e+01 -6.042169582503559289e-02 1.273054691212710185e-02 9.980917552254063851e-01 9.630811891097734723e-01
5.539247458494006571e-01 -8.313293395609099301e-01 4.537515973386983814e-02 6.547062306812037491e+00 8.300832579877868156e-01 5.556580217993000170e-01 4.696751663077568945e-02 -5.612496007580777047e+01 -6.425854607802679308e-02 1.164869071072846193e-02 9.978652951479229927e-01 9.687952528010915776e-01
5.453694900912721133e-01 -8.371451248556085467e-01 4.195425137036187108e-02 6.559837735132081349e+00 8.356280941569451670e-01 5.469321483410656271e-01 5.090101537936573411e-02 -5.612387967425524238e+01 -6.555766570906802759e-02 7.298290311826001464e-03 9.978220920711718955e-01 9.668712642676300373e-01
5.322482657826451691e-01 -8.458815727000783546e-01 3.458538040531474594e-02 6.575757324839775819e+00 8.441460981490624960e-01 5.333706296053112306e-01 5.415843843890015552e-02 -5.611721339906512185e+01 -6.425845120359749418e-02 3.693789855489026464e-04 9.979332217178001896e-01 9.700808515346759364e-01
5.145546669978536825e-01 -8.569810589959006020e-01 2.858249801822226877e-02 6.588449407997911678e+00 8.551009091655066285e-01 5.153249920787041916e-01 5.694372382801756588e-02 -5.610800431188808091e+01 -6.352896831413276657e-02 -4.859738810337640470e-03 9.979681623797556078e-01 9.538299133769272409e-01
5.079871582693225029e-01 -8.608636424147932953e-01 2.937407363237337990e-02 6.619070423499044509e+00 8.588006560927541333e-01 5.088097285485865262e-01 5.978372043427452459e-02 -5.609688326873286002e+01 -6.641144576140947664e-02 -5.142888546572845984e-03 9.977790690174188626e-01 9.429540415744391835e-01
4.945492615266531833e-01 -8.685575280317351377e-01 3.207566714516927459e-02 6.627821479515004555e+00 8.668710140872616376e-01 4.955872555515598021e-01 5.411023073496070562e-02 -5.605633251482051094e+01 -6.289414009884181089e-02 1.045291454649488689e-03 9.980196563730562298e-01 9.523681081362562750e-01
4.841278465820343935e-01 -8.742044987678676549e-01 3.723872309606287428e-02 6.654765227518862680e+00 8.732458560026954419e-01 4.854124399012215152e-01 4.261969220041825906e-02 -5.602354304082364678e+01 -5.533446609457048915e-02 1.188518081949368164e-02 9.983971350814810908e-01 9.424088284259547477e-01
4.878691359188465082e-01 -8.715349633401526797e-01 4.909698456561945035e-02 6.695914952336829096e+00 8.715566855391808643e-01 4.894764247595164153e-01 2.831560517796039705e-02 -5.597954147501338440e+01 -4.870985639237723763e-02 2.897649530679097599e-02 9.983925643803459593e-01 9.325153754173933773e-01
4.763846525520278319e-01 -8.770828934517681530e-01 6.150821755761373688e-02 6.709903369016089414e+00 8.783500877573174881e-01 4.778795184182796918e-01 1.150170478760462363e-02 -5.591383850593221183e+01 -3.948146589993566796e-02 4.854651265052874892e-02 9.980403047772470337e-01 9.483742258162788374e-01
4.786364471392930420e-01 -8.753048196010531079e-01 6.891026231990218798e-02 6.722723102744690316e+00 8.773863968412858316e-01 4.797844259431779945e-01 1.235323284942122012e-04 -5.588183666375412173e+01 -3.317019909125124011e-02 6.040179968743070865e-02 9.976228548338115232e-01 9.477846387048782795e-01
5.122030789905579473e-01 -8.552537541981083402e-01 7.867033623031167988e-02 6.776231743524001594e+00 8.578008124056477612e-01 5.139752610663296251e-01 2.682768719512691486e-03 -5.582104552176359391e+01 -4.272905462115472730e-02 6.610935593223402074e-02 9.968970764072926372e-01 9.503676227331063764e-01
4.977932526134760116e-01 -8.633527091664008335e-01 8.260736787651606905e-02 6.828003697210753842e+00 8.662088238434403342e-01 4.996760825252163363e-01 2.466991692820598610e-03 -5.566002858967548406e+01 -4.340680992974035868e-02 7.032717915018080190e-02 9.965791171424893680e-01 9.832412444335029145e-01
4.991463454964084612e-01 -8.630403972589095751e-01 7.755126354042764236e-02 6.811367446755110855e+00 8.652696088398789120e-01 5.012290330217396006e-01 8.829522873358740601e-03 -5.569376092631739539e+01 -4.649117976220840803e-02 6.269552739395164997e-02 9.969492670387574140e-01 9.790627774621252222e-01
5.062964028229786084e-01 -8.599112076148419659e-01 6.493587226525605882e-02 6.867931593619359454e+00 8.611398841165375240e-01 5.081483610519998972e-01 1.494466941485893784e-02 -5.558062902269323757e+01 -4.584814578900316823e-02 4.835243715138933668e-02 9.977775249770042265e-01 9.741214938650903932e-01
4.930836650537190891e-01 -8.686719778647731260e-01 4.772309849167440110e-02 6.894223594148106926e+00 8.690439835395785684e-01 4.943569444531919488e-01 1.933303247198461111e-02 -5.548332334395665555e+01 -4.038630870574050347e-02 3.194066911217060406e-02 9.986734900485737532e-01 9.580279051009105151e-01
4.714982392959302104e-01 -8.814890344707688730e-01 2.581651503547290061e-02 6.947900304094483559e+00 8.813886092056476551e-01 4.720046308690235559e-01 1.912453922926700758e-02 -5.537488016860218210e+01 -2.904358626954198219e-02 1.373719570771073963e-02 9.994837465165211654e-01 9.587332279402535073e-01
4.139593036243074398e-01 -9.102536289885387877e-01 8.719280705062565015e-03 6.946154819858890939e+00 9.101210790319926858e-01 4.140484889905136634e-01 1.560353377669208667e-02 -5.530184608805669200e+01 -1.781337824628775532e-02 1.476373187401054101e-03 9.998402391770788711e-01 9.450466842611067175e-01
3.807615914147176595e-01 -9.246623573328399681e-01 4.487252493606898145e-03 6.974403014886326524e+00 9.245375614386575069e-01 3.807843674621521624e-01 1.528276760010182853e-02 -5.528190633580669555e+01 -1.584007551809394482e-02 -1.670457434632631726e-03 9.998731427433955599e-01 9.399214852645305651e-01
3.345366261452965007e-01 -9.423732828820069463e-01 4.223917309647494921e-03 7.004412567611778329e+00 9.420460178649001648e-01 3.345335404505532240e-01 2.523114223565819936e-02 -5.514832677411359896e+01 -2.519019635163968068e-02 -4.461616715960432279e-03 9.996727204360749131e-01 9.604319693951994807e-01
3.061420801716657758e-01 -9.519576099228547195e-01 7.330460971458787126e-03 7.031749428951468595e+00 9.513553966829738640e-01 3.062104604883214565e-01 3.403032603028238040e-02 -5.509335669286649306e+01 -3.464009166233809889e-02 -3.444241194454787137e-03 9.993939169577925608e-01 9.457143772207221577e-01
2.828704285530925233e-01 -9.590243342370982083e-01 1.602020571651314312e-02 7.057428957317143592e+00 9.587208490251444282e-01 2.832063151539778723e-01 2.546599107494022449e-02 -5.499681570483053861e+01 -2.895952856530703556e-02 8.155329417198977845e-03 9.995473156921560465e-01 9.346879263796675774e-01
2.703903159323606809e-01 -9.625303779557449202e-01 2.059972238370176220e-02 7.083985754476238128e+00 9.625931758786194781e-01 2.706713098522631755e-01 1.230527426716862723e-02 -5.490353316127566785e+01 -1.741995413140770554e-02 1.650192519481403011e-02 9.997120743808937116e-01 9.352168934146678492e-01
2.860326204739828682e-01 -9.580995824781562975e-01 1.518321704661868519e-02 7.112039609638213911e+00 9.582149880643497930e-01 2.860458864057142114e-01 -1.336981384078573740e-03 -5.482650572749412987e+01 -3.062135472713748471e-03 1.493120642991970989e-02 9.998838344532438027e-01 9.446737240375521205e-01
2.897645929516426966e-01 -9.570191273528381171e-01 1.228293744571134702e-02 7.148510611563017925e+00 9.570736429709397752e-01 2.898248303077588517e-01 3.407296204553831101e-03 -5.462814703406628780e+01 -6.820747901188656953e-03 1.076836188977575194e-02 9.999187565899090302e-01 9.550155943966051053e-01
2.743042846823464664e-01 -9.615960892254685755e-01 9.493186562054646560e-03 7.159155119627930830e+00 9.614839778661730119e-01 2.744250675276167506e-01 1.547393353728565221e-02 -5.453523276972324396e+01 -1.748484233772269053e-02 4.882980508146041176e-03 9.998352048161813777e-01 9.498107188751535590e-01
2.562357101478264232e-01 -9.665711606113868148e-01 9.135224097017873718e-03 7.191794436121687006e+00 9.663024051115548518e-01 2.563816571188738402e-01 2.298059548007286637e-02 -5.444071329312451013e+01 -2.455448473685045707e-02 2.938939813728524888e-03 9.996941731910390372e-01 9.471658164603962149e-01
2.044267860909254053e-01 -9.788593354232663080e-01 6.640074032415469764e-03 7.201417440270241777e+00 9.786271793148108022e-01 2.045236226081506847e-01 2.142269127802644280e-02 -5.428872373374910865e+01 -2.232785334287225310e-02 2.118784993402727992e-03 9.997484572207601117e-01 9.420000807357096217e-01
1.579307896061843131e-01 -9.874483436902630196e-01 -1.906367649666278197e-03 7.250418846302610021e+00 9.871337659992865943e-01 1.578310178848582879e-01 2.561831020024335492e-02 -5.423377036848387434e+01 -2.499587402875338982e-02 -5.927759835690710535e-03 9.996699795156952506e-01 9.304554406760174867e-01
7.462494942251284014e-02 -9.971924207559340614e-01 -6.196201295242205823e-03 7.245380302018122443e+00 9.966267263028965040e-01 7.436694518458410175e-02 3.470916136569436594e-02 -5.406703704027138002e+01 -3.415092008257860495e-02 -8.765469223799364148e-03 9.993782473152216239e-01 9.135957863045530702e-01
3.721528279683343488e-02 -9.992886862950542959e-01 -6.094601622335935227e-03 7.293497522279444034e+00 9.979559172150569424e-01 3.684719985511801521e-02 5.221370661347687209e-02 -5.409322720172161070e+01 -5.195199728435124370e-02 -8.025291609565554651e-03 9.986173364571605537e-01 9.178343365259695741e-01
-2.020459483258146838e-02 -9.997854275967180682e-01 -4.568710186921583379e-03 7.278002765764832738e+00 9.980033447392530066e-01 -2.044167337034554291e-02 5.976170913813935726e-02 -5.389731488921844971e+01 -5.984227800594044827e-02 -3.352126928049399459e-03 9.982022164913108009e-01 9.422390765547634661e-01
-2.449933485136568043e-02 -9.996825858136889620e-01 -5.874539349448785683e-03 7.287037988538551225e+00 9.979703823997208012e-01 -2.480203245923726096e-02 5.865130040222325813e-02 -5.389993820608657416e+01 -5.877838416304798086e-02 -4.425698432965732322e-03 9.982612457411189633e-01 9.260784988969864573e-01
-4.994519087216777592e-02 -9.987460691910251542e-01 3.430332941139623178e-03 7.289582569029851911e+00 9.980675894070540899e-01 -4.978354623449868926e-02 3.718447928281371634e-02 -5.366168877940523885e+01 -3.696707838003910479e-02 5.280890044691069311e-03 9.993025304263128961e-01 9.130559967465339266e-01
-3.933012235378648136e-02 -9.992028900852991669e-01 6.835636085233096591e-03 7.278088414666690653e+00 9.991149841005558807e-01 -3.922272578194625076e-02 1.519296969001023533e-02 -5.370453630517944532e+01 -1.491274694350764977e-02 7.427127795441151696e-03 9.998612142449389006e-01 9.039076238707989264e-01
-3.284247027075124382e-03 -9.999450513371963556e-01 9.955301481427614521e-03 7.313287778205252110e+00 9.998621815377591870e-01 -3.445660205047721119e-03 -1.624023880122411889e-02 -5.348562796779246042e+01 1.627364900797663091e-02 9.900592501083564992e-03 9.998185568472659490e-01 9.413137341391850654e-01
-1.700314419318778997e-02 -9.998554338746145076e-01 6.662447266790700261e-05 7.296446735295735841e+00 9.996840065927183883e-01 -1.700146275703464868e-02 -1.851586419443404172e-02 -5.326917012138466134e+01 1.851432014119550051e-02 -2.482244889859902765e-04 9.998285644721152110e-01 9.507683059853080376e-01
2.461556157968119649e-03 -9.999901513290256894e-01 -3.692964405814712532e-03 7.308045756568687601e+00 9.998271238636033953e-01 2.529182856179536601e-03 -1.842079316227743582e-02 -5.329603461548353494e+01 1.842995192422633779e-02 -3.646982163553612495e-03 9.998235026209522092e-01 9.248908132488528056e-01
-3.204073297048709579e-02 -9.994862335260354946e-01 -8.126638420104388390e-04 7.323919592211722396e+00 9.989464350400539816e-01 -3.199668035215823964e-02 -3.289730030295530405e-02 -5.302308128671800347e+01 3.285439622780654545e-02 -1.865861262320918368e-03 9.994584069436396323e-01 9.533035539099103950e-01
-4.905961614359375528e-02 -9.987748347454913356e-01 -6.479470875415996832e-03 7.306921611034170816e+00 9.979341770561198643e-01 -4.874684793118713722e-02 -4.184642254856005272e-02 -5.307212155516983643e+01 4.147929998420823300e-02 -8.519054863034208197e-03 9.991030444239094033e-01 9.333846098344380504e-01
-8.816504929715310301e-02 -9.959815725552975119e-01 -1.573630237923089731e-02 7.332192653701226526e+00 9.947485869695081862e-01 -8.720950878033498221e-02 -5.357005040575977400e-02 -5.284337149271676282e+01 5.198242784450365223e-02 -2.037667069074116169e-02 9.984400925879417521e-01 9.516519365729851909e-01
-1.192420585615458495e-01 -9.923234623006380595e-01 -3.279447571679720147e-02 7.302272447091358032e+00 9.914104672856657308e-01 -1.172150059012867368e-01 -5.801661613707940340e-02 -5.286107205719426361e+01 5.372724473146128776e-02 -3.943080723373888763e-02 9.977768260560715419e-01 9.325350829182793566e-01
-1.303915436325701060e-01 -9.905730950577937843e-01 -4.198795894774821902e-02 7.330163145365223620e+00 9.907848948891884167e-01 -1.286199767641451608e-01 -4.245225125514118930e-02 -5.267756588879403523e+01 3.665156761376497929e-02 -4.713645006449105473e-02 9.982158171792501200e-01 9.376285038778174874e-01
-1.712017533079353560e-01 -9.842316071080779993e-01 -4.447587248828813872e-02 7.288592742326314600e+00 9.850938930692383355e-01 -1.702358869358948368e-01 -2.469341282330496379e-02 -5.256775725355511497e+01 1.673264778779517264e-02 -4.804046594764396078e-02 9.987052278473412814e-01 9.309677442888714127e-01
-1.694645968044226070e-01 -9.847657582554133482e-01 -3.896346747157873602e-02 7.297831252076915298e+00 9.855124516574834681e-01 -1.690531163464423503e-01 -1.364739834668003693e-02 -5.251339667443748738e+01 6.852594981370499667e-03 -4.071173321124126748e-02 9.991474349269111599e-01 9.176180138467127101e-01
-1.864670880445679635e-01 -9.820333188064318541e-01 -2.899285825950098303e-02 7.278542202639356695e+00 9.824247107590103889e-01 -1.861245868182245800e-01 -1.411828147616745258e-02 -5.232959564609232217e+01 8.468339049677565955e-03 -3.111589522472316821e-02 9.994799089017111227e-01 9.139582425766095142e-01
-1.860304051179717255e-01 -9.823493485845961048e-01 -1.955621913643990767e-02 7.281084700907444862e+00 9.824788873865765160e-01 -1.857521125886141544e-01 -1.521145977613800639e-02 -5.222765824232419618e+01 1.131035858329327431e-02 -2.204336644325144076e-02 9.996930357788013088e-01 9.180532497185102114e-01
-1.766491276869233684e-01 -9.840354028985481838e-01 -2.166590707976174049e-02 7.247193445275677881e+00 9.842568842061458767e-01 -1.764738908729062417e-01 -9.764821196775656451e-03 -5.214545168197486191e+01 5.785462838968914202e-03 -2.304976534225888080e-02 9.997175784877827542e-01 9.332609409290109070e-01
-1.720224021349829602e-01 -9.848905858428458338e-01 -1.997065551482508916e-02 7.248804598330975679e+00 9.850649046075810045e-01 -1.721353509274131111e-01 4.068743242140532117e-03 -5.191959316016713188e+01 -7.444922710666528748e-03 -1.897247688348240036e-02 9.997922875511736640e-01 9.356155345482459751e-01
-1.884849585452683662e-01 -9.818511312960218618e-01 -2.101847698460575231e-02 7.216106692024397695e+00 9.815686551900095758e-01 -1.890323238024423647e-01 2.810259251994254651e-02 -5.183383383276551370e+01 -3.156573380522058325e-02 -1.533416220178904221e-02 9.993840442587511586e-01 9.260848144355589007e-01
-1.890505154986447667e-01 -9.817401486437257185e-01 -2.112304737792180392e-02 7.222196500326694135e+00 9.811557634333503142e-01 -1.897249508981410371e-01 3.657609722529421570e-02 -5.172049506255982720e+01 -3.991579225333816844e-02 -1.381026964075701170e-02 9.991076048060630876e-01 9.211971280544002383e-01
-2.163660075125198312e-01 -9.759108671136234037e-01 -2.799518248664175160e-02 7.185379173525115348e+00 9.752378967638586360e-01 -2.173839080749800368e-01 4.068514748248703433e-02 -5.157259954354069720e+01 -4.579077973447209793e-02 -1.849907996195275864e-02 9.987797497606472064e-01 9.081581767334071520e-01
-2.463615420724651894e-01 -9.686101376941144148e-01 -3.317215313621509065e-02 7.182221341825990812e+00 9.682354076072239302e-01 -2.474869048567936991e-01 3.564305514537263742e-02 -5.142977692601441220e+01 -4.273389805928853175e-02 -2.333737518326868196e-02 9.988138870061255004e-01 9.009719433304513858e-01
-2.633368520902916732e-01 -9.639577550296588582e-01 -3.793611536753431490e-02 7.147719832681912244e+00 9.629648053283708098e-01 -2.650189913673781095e-01 4.963585310569253867e-02 -5.140012694636650536e+01 -5.790065655981821435e-02 -2.346019464214702324e-02 9.980466588478542622e-01 9.058744986215538919e-01
-2.806715863601464966e-01 -9.591331341746609507e-01 -3.587605800794977512e-02 7.131654910565676353e+00 9.575993873022136116e-01 -2.823631672883377131e-01 5.722285555042244676e-02 -5.120408936014221268e+01 -6.501441415941774937e-02 -1.829406152384167525e-02 9.977166197195171948e-01 9.136656049195498452e-01
-2.885924607569821387e-01 -9.570392610132950617e-01 -2.811128729125962969e-02 7.095486041046031644e+00 9.551216652226086623e-01 -2.898131710008429174e-01 6.124484089985823138e-02 -5.115408444107951880e+01 -6.676073858644521186e-02 -9.174900185225768473e-03 9.977268288414685715e-01 8.974405042018511747e-01
-2.843748775604141854e-01 -9.586478347082219020e-01 -1.119187301349463398e-02 7.077023799158573603e+00 9.566703975178694197e-01 -2.845112754368189778e-01 6.192806037926282259e-02 -5.100106524648489170e+01 -6.255141505582957617e-02 6.903850983107679036e-03 9.980178642269815770e-01 8.889378700478183237e-01
-2.805131922956605739e-01 -9.598485518860504495e-01 -1.762495435588356824e-03 7.034694150426477499e+00 9.574577289374414102e-01 -2.799431021728384095e-01 7.004681894152331445e-02 -5.088750933084988759e+01 -6.772773616502303362e-02 1.796154191441049278e-02 9.975421478644825868e-01 9.008895901527201877e-01
-2.499315441267657700e-01 -9.682592369307928548e-01 -2.876342889786275957e-03 7.003056219873753818e+00 9.650256530908913888e-01 -2.493374124156559624e-01 8.097125197490562254e-02 -5.080121306371688661e+01 -7.911834254388569465e-02 1.746152536022504975e-02 9.967122869741635860e-01 9.052403274934774924e-01
-2.387468887033923071e-01 -9.710591988429951860e-01 -6.629892658246394968e-03 6.972183995501080922e+00 9.677915196292988798e-01 -2.384939478725993378e-01 8.062388828239927530e-02 -5.059570719647106785e+01 -7.987175763712243970e-02 1.283234859187776418e-02 9.967225457275645795e-01 8.982431818672508284e-01
-2.436266963155277465e-01 -9.698665949391322982e-01 -2.195646456584222569e-03 6.938602883221971496e+00 9.665168858372052973e-01 -2.429720783350287905e-01 8.252077642101046662e-02 -5.047768130950684906e+01 -8.056762522199562016e-02 1.798213476121288124e-02 9.965869257599058173e-01 8.879588390137362897e-01
-2.579055862788561804e-01 -9.661678976509827654e-01 -2.074153958722828577e-03 6.898459397105965785e+00 9.629180863231818766e-01 -2.572128978943811206e-01 8.142655702223913772e-02 -5.039869473616488449e+01 -7.920522456150760893e-02 1.900312356680215406e-02 9.966771863030310374e-01 8.922859628125515696e-01
-2.771042595514142670e-01 -9.608242367849234578e-01 -5.478626190362703360e-03 6.866201189958408335e+00 9.577163628947460428e-01 -2.766583458708858356e-01 7.899068238510834061e-02 -5.028003716933496747e+01 -7.741186977523224766e-02 1.664168460507722824e-02 9.968602995161696123e-01 8.824732031622228856e-01
-3.105383415133923797e-01 -9.503932169410839181e-01 -1.785137648160323512e-02 6.846916871603796473e+00 9.473488263052314284e-01 -3.109769750455915749e-01 7.631200619572524324e-02 -5.013038179049101473e+01 -7.807778011820006026e-02 6.786323283785462498e-03 9.969241726772199996e-01 8.915784739629037947e-01
-3.267565936292461948e-01 -9.446276646811531119e-01 -3.014471161975484231e-02 6.811578521008693876e+00 9.406233379132277195e-01 -3.281441357734200537e-01 8.688591560499160649e-02 -5.010000133009383205e+01 -9.196664989419726932e-02 3.572655322552051901e-05 9.957620870624193099e-01 8.815971615344330159e-01
-3.341183796360467917e-01 -9.417476468359908814e-01 -3.842236416528772153e-02 6.785407686707825015e+00 9.382766976862744190e-01 -3.362026268717127064e-01 8.126888865688557118e-02 -4.994700447533600141e+01 -8.945248441655451188e-02 -8.897379573459469546e-03 9.959513490469716901e-01 8.937897652339099608e-01
-3.346076325682826313e-01 -9.414215910190419923e-01 -4.198952476531684491e-02 6.755232200383634478e+00 9.387470163941923351e-01 -3.368913041119199758e-01 7.251405673934829821e-02 -4.984211932390316235e+01 -8.241220442399306567e-02 -1.515378423979171080e-02 9.964831114400486411e-01 8.820217969111101564e-01
-3.252374356142698208e-01 -9.449933822788990634e-01 -3.475799079251484791e-02 6.711724486309909032e+00 9.429955451495672936e-01 -3.268543618990404354e-01 6.265483170248174749e-02 -4.974524654184595818e+01 -7.056920222798572506e-02 -1.239893368395073026e-02 9.974298241683239308e-01 8.730012905915651711e-01
-2.994978988024737387e-01 -9.536475014552444618e-01 -2.928227417510629454e-02 6.698231905963026200e+00 9.521082416985227059e-01 -3.007134064228129122e-01 5.532940707578095502e-02 -4.961116472930380894e+01 -6.157032322978254341e-02 -1.130885341663178181e-02 9.980386791762262400e-01 8.741712192932846737e-01
-2.882421935934620372e-01 -9.572402103939224860e-01 -2.464989730650038458e-02 6.625242999360478890e+00 9.557254642788080012e-01 -2.891870134448610297e-01 5.440320012573140324e-02 -4.949984808801603009e+01 -5.920536091820739061e-02 -7.877236804956975341e-03 9.982147436192804202e-01 8.875611276620670731e-01
-2.455067088276451925e-01 -9.689715240571198374e-01 -2.864684078282613011e-02 6.620093289641896028e+00 9.670224486823956189e-01 -2.468651121235951873e-01 6.265141786525400824e-02 -4.940716116550934345e+01 -6.777934541503299881e-02 -1.232079471736072240e-02 9.976242570991750158e-01 9.114094574533843085e-01
-2.489724656571573602e-01 -9.680734690298236078e-01 -2.909415585565374926e-02 6.587013431134910668e+00 9.658592780826378288e-01 -2.504000892549947399e-01 6.645035923752853901e-02 -4.917605440532121008e+01 -7.161400900836520367e-02 -1.155655058801624037e-02 9.973654695508022971e-01 8.886387067857123290e-01
-2.343350313604545543e-01 -9.718763499273573858e-01 -2.331208975973541805e-02 6.545965579264367840e+00 9.694526811481328776e-01 -2.354032577949770610e-01 6.889706259505493091e-02 -4.916713369720903870e+01 -7.244716759100754133e-02 -6.454972596909464358e-03 9.973513629793898660e-01 8.742115570821225035e-01
-2.471757607251374722e-01 -9.688907432587630097e-01 -1.244471523268225049e-02 6.514776060848975092e+00 9.671600922172139958e-01 -2.474783154565884380e-01 5.792960729349974636e-02 -4.899011782267727000e+01 -5.920725742936605585e-02 2.282762819194739199e-03 9.982431014846210315e-01 8.758068384816272145e-01
-2.509833002574704541e-01 -9.679852705965694692e-01 -3.449478184193410270e-03 6.510616886575713913e+00 9.670064803210878246e-01 -2.508870458023587657e-01 4.420585103361378276e-02 -4.890338331889466161e+01 -4.365604206587283403e-02 7.759262625235478252e-03 9.990164882696803694e-01 8.660529365858536943e-01
-2.981683959748478996e-01 -9.544742594285242632e-01 8.631090889217743825e-03 6.439604870648046209e+00 9.540899478917054255e-01 -2.977546923447638716e-01 3.247328931141657549e-02 -4.878530291675735242e+01 -2.842497095435997725e-02 1.791734564272123159e-02 9.994353354526694933e-01 8.899671398622336360e-01
-2.763912841166731860e-01 -9.609912287124598995e-01 1.018412499118042172e-02 6.408341627451656031e+00 9.600346162993134147e-01 -2.755993062229954438e-01 4.877046151572462379e-02 -4.880143150494465232e+01 -4.406124795476922679e-02 2.325684301351312044e-02 9.987580916727213376e-01 9.055315126642402568e-01
-3.011335188231650806e-01 -9.535450908668481329e-01 8.388296888523948808e-03 6.401108428156496721e+00 9.526698314669937995e-01 -3.004491633404888784e-01 4.637340251346568770e-02 -4.850993917885077877e+01 -4.169887353145468323e-02 2.195586326173412650e-02 9.988889547966084415e-01 8.926011988187602109e-01
-2.772286550879654587e-01 -9.607803337542961675e-01 6.739663855033981021e-03 6.356839662661556645e+00 9.597954829817679778e-01 -2.766095452079801453e-01 4.774715015213808200e-02 -4.853876059609555682e+01 -4.401026750514690916e-02 1.970557714580290637e-02 9.988367166777037953e-01 8.650461642598127332e-01
-2.692814987289667839e-01 -9.629092147320973405e-01 1.712654740671372064e-02 6.323799330291191900e+00 9.625311655732543548e-01 -2.685005515701778811e-01 3.796325995908440137e-02 -4.831687297656291236e+01 -3.195668541063106938e-02 2.670763917601184576e-02 9.991323597337979923e-01 8.422870554914196894e-01
-2.499150823263815990e-01 -9.678901655804778015e-01 2.703847255618675727e-02 6.282143726923531624e+00 9.679470361488650143e-01 -2.490162010571534690e-01 3.270270358401885374e-02 -4.825670834419646127e+01 -2.491960746848914665e-02 3.434470823120879673e-02 9.990993214791734633e-01 8.649133230293686303e-01
-2.218283151389712771e-01 -9.746503286604536465e-01 2.913649677734144947e-02 6.252472981645211370e+00 9.747905768416094130e-01 -2.209269761632040030e-01 3.121862431613161432e-02 -4.812952484610438830e+01 -2.399020432099049568e-02 3.532715733369132943e-02 9.990878149849345968e-01 8.930213280570079570e-01
-2.204580698369852376e-01 -9.748343483095260886e-01 3.310940651039907118e-02 6.224581848083050595e+00 9.751166132829994782e-01 -2.194547602639871087e-01 3.141971828286171942e-02 -4.795218543014996015e+01 -2.336300372807181835e-02 3.921226279164966022e-02 9.989577410999780360e-01 8.763013339101208832e-01
-2.149978273915655325e-01 -9.757521119938167287e-01 4.103352478509214585e-02 6.184529866548522214e+00 9.762704948070154432e-01 -2.136171573911653243e-01 3.554758834838213366e-02 -4.790267560405375491e+01 -2.592016948484145503e-02 4.770247380948630656e-02 9.985252219179738820e-01 8.761348979599702380e-01
-2.198499469282829966e-01 -9.746203438166238797e-01 4.220410233814831519e-02 6.165464136155477171e+00 9.753450352703054715e-01 -2.187508236398948425e-01 2.915714887357030716e-02 -4.774064461097360379e+01 -1.918496831236983155e-02 4.757375931594222396e-02 9.986834705828504521e-01 8.833257153437171771e-01
-2.250947809600595817e-01 -9.738805604287192885e-01 2.981599576323996914e-02 6.134820897955776786e+00 9.741051037496862852e-01 -2.242684200252568760e-01 2.868662803797628058e-02 -4.764517570375144118e+01 -2.125056312908101680e-02 3.550112390099719600e-02 9.991436752381844810e-01 8.835551058956043757e-01
-2.389169216494565207e-01 -9.709562599835349639e-01 1.275326421330270910e-02 6.097553871036768491e+00 9.703815336060108709e-01 -2.382507251636780121e-01 3.995336275500068618e-02 -4.750996377782630020e+01 -3.575449322728361384e-02 2.192106652471327230e-02 9.991201544641565846e-01 8.736662451316258293e-01
-2.447913780000785522e-01 -9.695404557958419156e-01 -8.275616700292311514e-03 6.062284852550803294e+00 9.683139788242494106e-01 -2.448992111513600689e-01 4.891231737505839783e-02 -4.741697192908157632e+01 -4.944916248348099619e-02 3.959918237092561501e-03 9.987687917517426017e-01 8.878661411588431029e-01
-2.428254130153703894e-01 -9.697616375273944156e-01 -2.445782438925516930e-02 6.037630810458020747e+00 9.685401104487383339e-01 -2.437808132612981904e-01 5.000969443627444055e-02 -4.726662537031489109e+01 -5.445983148892125786e-02 -1.154475922908407282e-02 9.984492201852512849e-01 8.748386230871777469e-01
-2.583707167993623544e-01 -9.657232350404032495e-01 -2.496409428423917651e-02 5.993714745626729012e+00 9.648453948041888495e-01 -2.592513467152243178e-01 4.315209556319452716e-02 -4.712817787059989882e+01 -4.814495638871445216e-02 -1.293725354359004029e-02 9.987565722662714585e-01 8.493451720485322154e-01
-2.449452053584250388e-01 -9.694027784146065363e-01 -1.612760285077612099e-02 5.964950407880923677e+00 9.685327379841431883e-01 -2.454145409792551913e-01 4.142509539974470467e-02 -4.708159077641106194e+01 -4.411555082726003468e-02 -5.473232846543544215e-03 9.990114423255658238e-01 8.480029047322882318e-01
-2.320934183096397263e-01 -9.726584727339956382e-01 -8.254731726218033153e-03 5.922332246639501641e+00 9.720376309219300737e-01 -2.322401639854003996e-01 3.474694668177636531e-02 -4.691110284071110925e+01 -3.571399234135611694e-02 4.062776010161672134e-05 9.993620510607843510e-01 8.694701575190799669e-01
-1.975992758432033591e-01 -9.802013057483557334e-01 -1.264620082157367695e-02 5.892269040477762232e+00 9.797358663052200267e-01 -1.979034880740488112e-01 3.085193159694575235e-02 -4.683472806824176615e+01 -3.274383088959482296e-02 -6.293617175520220368e-03 9.994439613712777781e-01 8.997799615743655721e-01
-1.977097148910393343e-01 -9.800525597801449385e-01 -2.019526444109719446e-02 5.870313020925880032e+00 9.796419943803935659e-01 -1.982748137253823040e-01 3.144298154665332162e-02 -4.660109820766821542e+01 -3.481998684704400854e-02 -1.356754621724941788e-02 9.993015011524821745e-01 9.076352084499970108e-01
-1.919363062091112015e-01 -9.811705883723131905e-01 -2.155761748633945249e-02 5.819287136936723392e+00 9.805098066792563571e-01 -1.926537403807933313e-01 3.853641554511155753e-02 -4.658574737280247291e+01 -4.196395315653102254e-02 -1.374091809977420579e-02 9.990246312305012255e-01 8.826498066553420951e-01
-1.916593185238942287e-01 -9.813192471845296749e-01 -1.671049753596642526e-02 5.822310507841297778e+00 9.807996489528288953e-01 -1.921274881480770635e-01 3.345260695195044487e-02 -4.638768241218487987e+01 -3.603823298766904715e-02 -9.978146265892336164e-03 9.993005965975454430e-01 8.835248692173490737e-01
-2.076585982588063095e-01 -9.779917249311463889e-01 -2.025074159477636623e-02 5.763240139890116964e+00 9.775519662652203401e-01 -2.082304839216473635e-01 3.212816236142885390e-02 -4.633097377559686691e+01 -3.563789864870375163e-02 -1.312446310374525311e-02 9.992785841036172512e-01 8.907129764589173382e-01
-2.103764306324235056e-01 -9.771383982899307652e-01 -3.069703603765386313e-02 5.773712677364239099e+00 9.771638983625016150e-01 -2.111340146841315102e-01 2.394041729627533616e-02 -4.616742419720622337e+01 -2.987428946873469174e-02 -2.495953586413627440e-02 9.992419869071622607e-01 8.951636422532253112e-01
-2.257018042513982137e-01 -9.734864757595047546e-01 -3.718571057200208835e-02 5.724668591919864546e+00 9.734126269947906973e-01 -2.268867326058039424e-01 3.146852672949288637e-02 -4.608139257747430406e+01 -3.907112955446949421e-02 -2.909453695462906747e-02 9.988127726229378833e-01 8.778115418102151457e-01
-2.225042609408197092e-01 -9.743587654938755671e-01 -3.341930532151352051e-02 5.727470781575277670e+00 9.739455843553346259e-01 -2.236899478670226760e-01 3.732031535172774389e-02 -4.594759186491731384e+01 -4.383893905899775845e-02 -2.424465566474496084e-02 9.987443837608626085e-01 8.893800303190508849e-01
-2.303214726316999694e-01 -9.728967560174502927e-01 -2.058935101519389355e-02 5.689801653450747843e+00 9.722897421745460012e-01 -2.309457064576687646e-01 3.628688373060836442e-02 -4.582930086709380646e+01 -4.005841368312515471e-02 -1.166116629210553826e-02 9.991292912801048587e-01 8.788225701995019401e-01
-2.137357486103198256e-01 -9.768903614763069232e-01 -1.500473398923075994e-03 5.688162417475555621e+00 9.765231714428656007e-01 -2.136970816812107099e-01 2.713029517065281004e-02 -4.572871175722904269e+01 -2.682397064263328593e-02 4.333466906082734243e-03 9.996307796699352988e-01 8.765778656725765616e-01
-2.082299872206690439e-01 -9.779857600092335401e-01 1.356929036421053274e-02 5.660906080353615089e+00 9.779457263265619593e-01 -2.079516056902490639e-01 1.944957712646218709e-02 -4.557041553090920871e+01 -1.619965374849162421e-02 1.732001471739817375e-02 9.997187546048154072e-01 8.764739412583776312e-01
-1.656124674569983135e-01 -9.861428277649442187e-01 9.738268343055651172e-03 5.639591701936494950e+00 9.859106435325888373e-01 -1.653219279155618837e-01 2.547279174655619691e-02 -4.551281127192871168e+01 -2.350986158690678354e-02 1.381967430310470854e-02 9.996280823437806440e-01 9.007172839397425967e-01
